>> f = @(n) (1 + 1 ./ n) .^ n
f =

@(n) (1 + 1 ./ n) .^ n

>> k = [0:1:9]'
k =

   0
   1
   2
   3
   4
   5
   6
   7
   8
   9

>> format long
>> n = 10 .^ k
n =

            1
           10
          100
         1000
        10000
       100000
      1000000
     10000000
    100000000
   1000000000

>> f(n)
ans =

   2.000000000000000
   2.593742460100002
   2.704813829421529
   2.716923932235520
   2.718145926824356
   2.718268237197528
   2.718280469156428
   2.718281693980372
   2.718281786395798
   2.718282030814509

>> format
>> n = [2:1:11]'
n =

    2
    3
    4
    5
    6
    7
    8
    9
   10
   11

>> a = 1 ./ (n .* (n + 2))
a =

   1.2500e-01
   6.6667e-02
   4.1667e-02
   2.8571e-02
   2.0833e-02
   1.5873e-02
   1.2500e-02
   1.0101e-02
   8.3333e-03
   6.9930e-03

>> for i = 1:10
s(i) = sum(a(1:i));
end
>> s'
ans =

   0.1250
   0.1917
   0.2333
   0.2619
   0.2827
   0.2986
   0.3111
   0.3212
   0.3295
   0.3365

>> plot(n, a, 'o', n, s, '+')
>> grid on
>> legend('terms', 'partial sums')
>> error: Magick++ exception: Magick: Unable to open file (C:\Users\Toponen\Desktop\other\Study\мага\2023-2024\Научное программирование\sciprog\lab6\report\image\1.png) reported by magick/blob.c:3119 (OpenBlob)
error: called from
    __imwrite__ at line 221 column 3
    imwrite at line 125 column 5
    print at line 782 column 13
    saveas at line 150 column 5
    __add_default_menu__>__save_as__ at line 252 column 5
    __add_default_menu__>save_cb at line 207 column 5
plot(n, a, 'o', n, s, '+')
>> grid on
>> legend('terms', 'partial sums')
>> n = [1:1:1000]
n =

 Columns 1 through 19:

      1      2      3      4      5      6      7      8      9     10     11     12     13     14     15     16     17     18     19

 Columns 20 through 38:

     20     21     22     23     24     25     26     27     28     29     30     31     32     33     34     35     36     37     38

 Columns 39 through 57:

     39     40     41     42     43     44     45     46     47     48     49     50     51     52     53     54     55     56     57

 Columns 58 through 76:

     58     59     60     61     62     63     64     65     66     67     68     69     70     71     72     73     74     75     76

 Columns 77 through 95:

     77     78     79     80     81     82     83     84     85     86     87     88     89     90     91     92     93     94     95

 Columns 96 through 114:

     96     97     98     99    100    101    102    103    104    105    106    107    108    109    110    111    112    113    114

 Columns 115 through 133:

    115    116    117    118    119    120    121    122    123    124    125    126    127    128    129    130    131    132    133

 Columns 134 through 152:

    134    135    136    137    138    139    140    141    142    143    144    145    146    147    148    149    150    151    152

 Columns 153 through 171:

    153    154    155    156    157    158    159    160    161    162    163    164    165    166    167    168    169    170    171

 Columns 172 through 190:

    172    173    174    175    176    177    178    179    180    181    182    183    184    185    186    187    188    189    190

 Columns 191 through 209:

    191    192    193    194    195    196    197    198    199    200    201    202    203    204    205    206    207    208    209

 Columns 210 through 228:

    210    211    212    213    214    215    216    217    218    219    220    221    222    223    224    225    226    227    228

 Columns 229 through 247:

    229    230    231    232    233    234    235    236    237    238    239    240    241    242    243    244    245    246    247

 Columns 248 through 266:

    248    249    250    251    252    253    254    255    256    257    258    259    260    261    262    263    264    265    266

 Columns 267 through 285:

    267    268    269    270    271    272    273    274    275    276    277    278    279    280    281    282    283    284    285

 Columns 286 through 304:

    286    287    288    289    290    291    292    293    294    295    296    297    298    299    300    301    302    303    304

 Columns 305 through 323:

    305    306    307    308    309    310    311    312    313    314    315    316    317    318    319    320    321    322    323

 Columns 324 through 342:

    324    325    326    327    328    329    330    331    332    333    334    335    336    337    338    339    340    341    342

 Columns 343 through 361:

    343    344    345    346    347    348    349    350    351    352    353    354    355    356    357    358    359    360    361

 Columns 362 through 380:

    362    363    364    365    366    367    368    369    370    371    372    373    374    375    376    377    378    379    380

 Columns 381 through 399:

    381    382    383    384    385    386    387    388    389    390    391    392    393    394    395    396    397    398    399

 Columns 400 through 418:

    400    401    402    403    404    405    406    407    408    409    410    411    412    413    414    415    416    417    418

 Columns 419 through 437:

    419    420    421    422    423    424    425    426    427    428    429    430    431    432    433    434    435    436    437

 Columns 438 through 456:

    438    439    440    441    442    443    444    445    446    447    448    449    450    451    452    453    454    455    456

 Columns 457 through 475:

    457    458    459    460    461    462    463    464    465    466    467    468    469    470    471    472    473    474    475

 Columns 476 through 494:

    476    477    478    479    480    481    482    483    484    485    486    487    488    489    490    491    492    493    494

 Columns 495 through 513:

    495    496    497    498    499    500    501    502    503    504    505    506    507    508    509    510    511    512    513

 Columns 514 through 532:

    514    515    516    517    518    519    520    521    522    523    524    525    526    527    528    529    530    531    532

 Columns 533 through 551:

    533    534    535    536    537    538    539    540    541    542    543    544    545    546    547    548    549    550    551

 Columns 552 through 570:

    552    553    554    555    556    557    558    559    560    561    562    563    564    565    566    567    568    569    570

 Columns 571 through 589:

    571    572    573    574    575    576    577    578    579    580    581    582    583    584    585    586    587    588    589

 Columns 590 through 608:

    590    591    592    593    594    595    596    597    598    599    600    601    602    603    604    605    606    607    608

 Columns 609 through 627:

    609    610    611    612    613    614    615    616    617    618    619    620    621    622    623    624    625    626    627

 Columns 628 through 646:

    628    629    630    631    632    633    634    635    636    637    638    639    640    641    642    643    644    645    646

 Columns 647 through 665:

    647    648    649    650    651    652    653    654    655    656    657    658    659    660    661    662    663    664    665

 Columns 666 through 684:

    666    667    668    669    670    671    672    673    674    675    676    677    678    679    680    681    682    683    684

 Columns 685 through 703:

    685    686    687    688    689    690    691    692    693    694    695    696    697    698    699    700    701    702    703

 Columns 704 through 722:

    704    705    706    707    708    709    710    711    712    713    714    715    716    717    718    719    720    721    722

 Columns 723 through 741:

    723    724    725    726    727    728    729    730    731    732    733    734    735    736    737    738    739    740    741

 Columns 742 through 760:

    742    743    744    745    746    747    748    749    750    751    752    753    754    755    756    757    758    759    760

 Columns 761 through 779:

    761    762    763    764    765    766    767    768    769    770    771    772    773    774    775    776    777    778    779

 Columns 780 through 798:

    780    781    782    783    784    785    786    787    788    789    790    791    792    793    794    795    796    797    798

 Columns 799 through 817:

    799    800    801    802    803    804    805    806    807    808    809    810    811    812    813    814    815    816    817

 Columns 818 through 836:

    818    819    820    821    822    823    824    825    826    827    828    829    830    831    832    833    834    835    836

 Columns 837 through 855:

    837    838    839    840    841    842    843    844    845    846    847    848    849    850    851    852    853    854    855

 Columns 856 through 874:

    856    857    858    859    860    861    862    863    864    865    866    867    868    869    870    871    872    873    874

 Columns 875 through 893:

    875    876    877    878    879    880    881    882    883    884    885    886    887    888    889    890    891    892    893

 Columns 894 through 912:

    894    895    896    897    898    899    900    901    902    903    904    905    906    907    908    909    910    911    912

 Columns 913 through 931:

    913    914    915    916    917    918    919    920    921    922    923    924    925    926    927    928    929    930    931

 Columns 932 through 950:

    932    933    934    935    936    937    938    939    940    941    942    943    944    945    946    947    948    949    950

 Columns 951 through 969:

    951    952    953    954    955    956    957    958    959    960    961    962    963    964    965    966    967    968    969

 Columns 970 through 988:

    970    971    972    973    974    975    976    977    978    979    980    981    982    983    984    985    986    987    988

 Columns 989 through 1000:

    989    990    991    992    993    994    995    996    997    998    999   1000

>> a = 1 ./ n
a =

 Columns 1 through 10:

   1.0000e+00   5.0000e-01   3.3333e-01   2.5000e-01   2.0000e-01   1.6667e-01   1.4286e-01   1.2500e-01   1.1111e-01   1.0000e-01

 Columns 11 through 20:

   9.0909e-02   8.3333e-02   7.6923e-02   7.1429e-02   6.6667e-02   6.2500e-02   5.8824e-02   5.5556e-02   5.2632e-02   5.0000e-02

 Columns 21 through 30:

   4.7619e-02   4.5455e-02   4.3478e-02   4.1667e-02   4.0000e-02   3.8462e-02   3.7037e-02   3.5714e-02   3.4483e-02   3.3333e-02

 Columns 31 through 40:

   3.2258e-02   3.1250e-02   3.0303e-02   2.9412e-02   2.8571e-02   2.7778e-02   2.7027e-02   2.6316e-02   2.5641e-02   2.5000e-02

 Columns 41 through 50:

   2.4390e-02   2.3810e-02   2.3256e-02   2.2727e-02   2.2222e-02   2.1739e-02   2.1277e-02   2.0833e-02   2.0408e-02   2.0000e-02

 Columns 51 through 60:

   1.9608e-02   1.9231e-02   1.8868e-02   1.8519e-02   1.8182e-02   1.7857e-02   1.7544e-02   1.7241e-02   1.6949e-02   1.6667e-02

 Columns 61 through 70:

   1.6393e-02   1.6129e-02   1.5873e-02   1.5625e-02   1.5385e-02   1.5152e-02   1.4925e-02   1.4706e-02   1.4493e-02   1.4286e-02

 Columns 71 through 80:

   1.4085e-02   1.3889e-02   1.3699e-02   1.3514e-02   1.3333e-02   1.3158e-02   1.2987e-02   1.2821e-02   1.2658e-02   1.2500e-02

 Columns 81 through 90:

   1.2346e-02   1.2195e-02   1.2048e-02   1.1905e-02   1.1765e-02   1.1628e-02   1.1494e-02   1.1364e-02   1.1236e-02   1.1111e-02

 Columns 91 through 100:

   1.0989e-02   1.0870e-02   1.0753e-02   1.0638e-02   1.0526e-02   1.0417e-02   1.0309e-02   1.0204e-02   1.0101e-02   1.0000e-02

 Columns 101 through 110:

   9.9010e-03   9.8039e-03   9.7087e-03   9.6154e-03   9.5238e-03   9.4340e-03   9.3458e-03   9.2593e-03   9.1743e-03   9.0909e-03

 Columns 111 through 120:

   9.0090e-03   8.9286e-03   8.8496e-03   8.7719e-03   8.6957e-03   8.6207e-03   8.5470e-03   8.4746e-03   8.4034e-03   8.3333e-03

 Columns 121 through 130:

   8.2645e-03   8.1967e-03   8.1301e-03   8.0645e-03   8.0000e-03   7.9365e-03   7.8740e-03   7.8125e-03   7.7519e-03   7.6923e-03

 Columns 131 through 140:

   7.6336e-03   7.5758e-03   7.5188e-03   7.4627e-03   7.4074e-03   7.3529e-03   7.2993e-03   7.2464e-03   7.1942e-03   7.1429e-03

 Columns 141 through 150:

   7.0922e-03   7.0423e-03   6.9930e-03   6.9444e-03   6.8966e-03   6.8493e-03   6.8027e-03   6.7568e-03   6.7114e-03   6.6667e-03

 Columns 151 through 160:

   6.6225e-03   6.5789e-03   6.5359e-03   6.4935e-03   6.4516e-03   6.4103e-03   6.3694e-03   6.3291e-03   6.2893e-03   6.2500e-03

 Columns 161 through 170:

   6.2112e-03   6.1728e-03   6.1350e-03   6.0976e-03   6.0606e-03   6.0241e-03   5.9880e-03   5.9524e-03   5.9172e-03   5.8824e-03

 Columns 171 through 180:

   5.8480e-03   5.8140e-03   5.7803e-03   5.7471e-03   5.7143e-03   5.6818e-03   5.6497e-03   5.6180e-03   5.5866e-03   5.5556e-03

 Columns 181 through 190:

   5.5249e-03   5.4945e-03   5.4645e-03   5.4348e-03   5.4054e-03   5.3763e-03   5.3476e-03   5.3191e-03   5.2910e-03   5.2632e-03

 Columns 191 through 200:

   5.2356e-03   5.2083e-03   5.1813e-03   5.1546e-03   5.1282e-03   5.1020e-03   5.0761e-03   5.0505e-03   5.0251e-03   5.0000e-03

 Columns 201 through 210:

   4.9751e-03   4.9505e-03   4.9261e-03   4.9020e-03   4.8780e-03   4.8544e-03   4.8309e-03   4.8077e-03   4.7847e-03   4.7619e-03

 Columns 211 through 220:

   4.7393e-03   4.7170e-03   4.6948e-03   4.6729e-03   4.6512e-03   4.6296e-03   4.6083e-03   4.5872e-03   4.5662e-03   4.5455e-03

 Columns 221 through 230:

   4.5249e-03   4.5045e-03   4.4843e-03   4.4643e-03   4.4444e-03   4.4248e-03   4.4053e-03   4.3860e-03   4.3668e-03   4.3478e-03

 Columns 231 through 240:

   4.3290e-03   4.3103e-03   4.2918e-03   4.2735e-03   4.2553e-03   4.2373e-03   4.2194e-03   4.2017e-03   4.1841e-03   4.1667e-03

 Columns 241 through 250:

   4.1494e-03   4.1322e-03   4.1152e-03   4.0984e-03   4.0816e-03   4.0650e-03   4.0486e-03   4.0323e-03   4.0161e-03   4.0000e-03

 Columns 251 through 260:

   3.9841e-03   3.9683e-03   3.9526e-03   3.9370e-03   3.9216e-03   3.9062e-03   3.8911e-03   3.8760e-03   3.8610e-03   3.8462e-03

 Columns 261 through 270:

   3.8314e-03   3.8168e-03   3.8023e-03   3.7879e-03   3.7736e-03   3.7594e-03   3.7453e-03   3.7313e-03   3.7175e-03   3.7037e-03

 Columns 271 through 280:

   3.6900e-03   3.6765e-03   3.6630e-03   3.6496e-03   3.6364e-03   3.6232e-03   3.6101e-03   3.5971e-03   3.5842e-03   3.5714e-03

 Columns 281 through 290:

   3.5587e-03   3.5461e-03   3.5336e-03   3.5211e-03   3.5088e-03   3.4965e-03   3.4843e-03   3.4722e-03   3.4602e-03   3.4483e-03

 Columns 291 through 300:

   3.4364e-03   3.4247e-03   3.4130e-03   3.4014e-03   3.3898e-03   3.3784e-03   3.3670e-03   3.3557e-03   3.3445e-03   3.3333e-03

 Columns 301 through 310:

   3.3223e-03   3.3113e-03   3.3003e-03   3.2895e-03   3.2787e-03   3.2680e-03   3.2573e-03   3.2468e-03   3.2362e-03   3.2258e-03

 Columns 311 through 320:

   3.2154e-03   3.2051e-03   3.1949e-03   3.1847e-03   3.1746e-03   3.1646e-03   3.1546e-03   3.1447e-03   3.1348e-03   3.1250e-03

 Columns 321 through 330:

   3.1153e-03   3.1056e-03   3.0960e-03   3.0864e-03   3.0769e-03   3.0675e-03   3.0581e-03   3.0488e-03   3.0395e-03   3.0303e-03

 Columns 331 through 340:

   3.0211e-03   3.0120e-03   3.0030e-03   2.9940e-03   2.9851e-03   2.9762e-03   2.9674e-03   2.9586e-03   2.9499e-03   2.9412e-03

 Columns 341 through 350:

   2.9326e-03   2.9240e-03   2.9155e-03   2.9070e-03   2.8986e-03   2.8902e-03   2.8818e-03   2.8736e-03   2.8653e-03   2.8571e-03

 Columns 351 through 360:

   2.8490e-03   2.8409e-03   2.8329e-03   2.8249e-03   2.8169e-03   2.8090e-03   2.8011e-03   2.7933e-03   2.7855e-03   2.7778e-03

 Columns 361 through 370:

   2.7701e-03   2.7624e-03   2.7548e-03   2.7473e-03   2.7397e-03   2.7322e-03   2.7248e-03   2.7174e-03   2.7100e-03   2.7027e-03

 Columns 371 through 380:

   2.6954e-03   2.6882e-03   2.6810e-03   2.6738e-03   2.6667e-03   2.6596e-03   2.6525e-03   2.6455e-03   2.6385e-03   2.6316e-03

 Columns 381 through 390:

   2.6247e-03   2.6178e-03   2.6110e-03   2.6042e-03   2.5974e-03   2.5907e-03   2.5840e-03   2.5773e-03   2.5707e-03   2.5641e-03

 Columns 391 through 400:

   2.5575e-03   2.5510e-03   2.5445e-03   2.5381e-03   2.5316e-03   2.5253e-03   2.5189e-03   2.5126e-03   2.5063e-03   2.5000e-03

 Columns 401 through 410:

   2.4938e-03   2.4876e-03   2.4814e-03   2.4752e-03   2.4691e-03   2.4631e-03   2.4570e-03   2.4510e-03   2.4450e-03   2.4390e-03

 Columns 411 through 420:

   2.4331e-03   2.4272e-03   2.4213e-03   2.4155e-03   2.4096e-03   2.4038e-03   2.3981e-03   2.3923e-03   2.3866e-03   2.3810e-03

 Columns 421 through 430:

   2.3753e-03   2.3697e-03   2.3641e-03   2.3585e-03   2.3529e-03   2.3474e-03   2.3419e-03   2.3364e-03   2.3310e-03   2.3256e-03

 Columns 431 through 440:

   2.3202e-03   2.3148e-03   2.3095e-03   2.3041e-03   2.2989e-03   2.2936e-03   2.2883e-03   2.2831e-03   2.2779e-03   2.2727e-03

 Columns 441 through 450:

   2.2676e-03   2.2624e-03   2.2573e-03   2.2523e-03   2.2472e-03   2.2422e-03   2.2371e-03   2.2321e-03   2.2272e-03   2.2222e-03

 Columns 451 through 460:

   2.2173e-03   2.2124e-03   2.2075e-03   2.2026e-03   2.1978e-03   2.1930e-03   2.1882e-03   2.1834e-03   2.1786e-03   2.1739e-03

 Columns 461 through 470:

   2.1692e-03   2.1645e-03   2.1598e-03   2.1552e-03   2.1505e-03   2.1459e-03   2.1413e-03   2.1368e-03   2.1322e-03   2.1277e-03

 Columns 471 through 480:

   2.1231e-03   2.1186e-03   2.1142e-03   2.1097e-03   2.1053e-03   2.1008e-03   2.0964e-03   2.0921e-03   2.0877e-03   2.0833e-03

 Columns 481 through 490:

   2.0790e-03   2.0747e-03   2.0704e-03   2.0661e-03   2.0619e-03   2.0576e-03   2.0534e-03   2.0492e-03   2.0450e-03   2.0408e-03

 Columns 491 through 500:

   2.0367e-03   2.0325e-03   2.0284e-03   2.0243e-03   2.0202e-03   2.0161e-03   2.0121e-03   2.0080e-03   2.0040e-03   2.0000e-03

 Columns 501 through 510:

   1.9960e-03   1.9920e-03   1.9881e-03   1.9841e-03   1.9802e-03   1.9763e-03   1.9724e-03   1.9685e-03   1.9646e-03   1.9608e-03

 Columns 511 through 520:

   1.9569e-03   1.9531e-03   1.9493e-03   1.9455e-03   1.9417e-03   1.9380e-03   1.9342e-03   1.9305e-03   1.9268e-03   1.9231e-03

 Columns 521 through 530:

   1.9194e-03   1.9157e-03   1.9120e-03   1.9084e-03   1.9048e-03   1.9011e-03   1.8975e-03   1.8939e-03   1.8904e-03   1.8868e-03

 Columns 531 through 540:

   1.8832e-03   1.8797e-03   1.8762e-03   1.8727e-03   1.8692e-03   1.8657e-03   1.8622e-03   1.8587e-03   1.8553e-03   1.8519e-03

 Columns 541 through 550:

   1.8484e-03   1.8450e-03   1.8416e-03   1.8382e-03   1.8349e-03   1.8315e-03   1.8282e-03   1.8248e-03   1.8215e-03   1.8182e-03

 Columns 551 through 560:

   1.8149e-03   1.8116e-03   1.8083e-03   1.8051e-03   1.8018e-03   1.7986e-03   1.7953e-03   1.7921e-03   1.7889e-03   1.7857e-03

 Columns 561 through 570:

   1.7825e-03   1.7794e-03   1.7762e-03   1.7730e-03   1.7699e-03   1.7668e-03   1.7637e-03   1.7606e-03   1.7575e-03   1.7544e-03

 Columns 571 through 580:

   1.7513e-03   1.7483e-03   1.7452e-03   1.7422e-03   1.7391e-03   1.7361e-03   1.7331e-03   1.7301e-03   1.7271e-03   1.7241e-03

 Columns 581 through 590:

   1.7212e-03   1.7182e-03   1.7153e-03   1.7123e-03   1.7094e-03   1.7065e-03   1.7036e-03   1.7007e-03   1.6978e-03   1.6949e-03

 Columns 591 through 600:

   1.6920e-03   1.6892e-03   1.6863e-03   1.6835e-03   1.6807e-03   1.6779e-03   1.6750e-03   1.6722e-03   1.6694e-03   1.6667e-03

 Columns 601 through 610:

   1.6639e-03   1.6611e-03   1.6584e-03   1.6556e-03   1.6529e-03   1.6502e-03   1.6474e-03   1.6447e-03   1.6420e-03   1.6393e-03

 Columns 611 through 620:

   1.6367e-03   1.6340e-03   1.6313e-03   1.6287e-03   1.6260e-03   1.6234e-03   1.6207e-03   1.6181e-03   1.6155e-03   1.6129e-03

 Columns 621 through 630:

   1.6103e-03   1.6077e-03   1.6051e-03   1.6026e-03   1.6000e-03   1.5974e-03   1.5949e-03   1.5924e-03   1.5898e-03   1.5873e-03

 Columns 631 through 640:

   1.5848e-03   1.5823e-03   1.5798e-03   1.5773e-03   1.5748e-03   1.5723e-03   1.5699e-03   1.5674e-03   1.5649e-03   1.5625e-03

 Columns 641 through 650:

   1.5601e-03   1.5576e-03   1.5552e-03   1.5528e-03   1.5504e-03   1.5480e-03   1.5456e-03   1.5432e-03   1.5408e-03   1.5385e-03

 Columns 651 through 660:

   1.5361e-03   1.5337e-03   1.5314e-03   1.5291e-03   1.5267e-03   1.5244e-03   1.5221e-03   1.5198e-03   1.5175e-03   1.5152e-03

 Columns 661 through 670:

   1.5129e-03   1.5106e-03   1.5083e-03   1.5060e-03   1.5038e-03   1.5015e-03   1.4993e-03   1.4970e-03   1.4948e-03   1.4925e-03

 Columns 671 through 680:

   1.4903e-03   1.4881e-03   1.4859e-03   1.4837e-03   1.4815e-03   1.4793e-03   1.4771e-03   1.4749e-03   1.4728e-03   1.4706e-03

 Columns 681 through 690:

   1.4684e-03   1.4663e-03   1.4641e-03   1.4620e-03   1.4599e-03   1.4577e-03   1.4556e-03   1.4535e-03   1.4514e-03   1.4493e-03

 Columns 691 through 700:

   1.4472e-03   1.4451e-03   1.4430e-03   1.4409e-03   1.4388e-03   1.4368e-03   1.4347e-03   1.4327e-03   1.4306e-03   1.4286e-03

 Columns 701 through 710:

   1.4265e-03   1.4245e-03   1.4225e-03   1.4205e-03   1.4184e-03   1.4164e-03   1.4144e-03   1.4124e-03   1.4104e-03   1.4085e-03

 Columns 711 through 720:

   1.4065e-03   1.4045e-03   1.4025e-03   1.4006e-03   1.3986e-03   1.3966e-03   1.3947e-03   1.3928e-03   1.3908e-03   1.3889e-03

 Columns 721 through 730:

   1.3870e-03   1.3850e-03   1.3831e-03   1.3812e-03   1.3793e-03   1.3774e-03   1.3755e-03   1.3736e-03   1.3717e-03   1.3699e-03

 Columns 731 through 740:

   1.3680e-03   1.3661e-03   1.3643e-03   1.3624e-03   1.3605e-03   1.3587e-03   1.3569e-03   1.3550e-03   1.3532e-03   1.3514e-03

 Columns 741 through 750:

   1.3495e-03   1.3477e-03   1.3459e-03   1.3441e-03   1.3423e-03   1.3405e-03   1.3387e-03   1.3369e-03   1.3351e-03   1.3333e-03

 Columns 751 through 760:

   1.3316e-03   1.3298e-03   1.3280e-03   1.3263e-03   1.3245e-03   1.3228e-03   1.3210e-03   1.3193e-03   1.3175e-03   1.3158e-03

 Columns 761 through 770:

   1.3141e-03   1.3123e-03   1.3106e-03   1.3089e-03   1.3072e-03   1.3055e-03   1.3038e-03   1.3021e-03   1.3004e-03   1.2987e-03

 Columns 771 through 780:

   1.2970e-03   1.2953e-03   1.2937e-03   1.2920e-03   1.2903e-03   1.2887e-03   1.2870e-03   1.2853e-03   1.2837e-03   1.2821e-03

 Columns 781 through 790:

   1.2804e-03   1.2788e-03   1.2771e-03   1.2755e-03   1.2739e-03   1.2723e-03   1.2706e-03   1.2690e-03   1.2674e-03   1.2658e-03

 Columns 791 through 800:

   1.2642e-03   1.2626e-03   1.2610e-03   1.2594e-03   1.2579e-03   1.2563e-03   1.2547e-03   1.2531e-03   1.2516e-03   1.2500e-03

 Columns 801 through 810:

   1.2484e-03   1.2469e-03   1.2453e-03   1.2438e-03   1.2422e-03   1.2407e-03   1.2392e-03   1.2376e-03   1.2361e-03   1.2346e-03

 Columns 811 through 820:

   1.2330e-03   1.2315e-03   1.2300e-03   1.2285e-03   1.2270e-03   1.2255e-03   1.2240e-03   1.2225e-03   1.2210e-03   1.2195e-03

 Columns 821 through 830:

   1.2180e-03   1.2165e-03   1.2151e-03   1.2136e-03   1.2121e-03   1.2107e-03   1.2092e-03   1.2077e-03   1.2063e-03   1.2048e-03

 Columns 831 through 840:

   1.2034e-03   1.2019e-03   1.2005e-03   1.1990e-03   1.1976e-03   1.1962e-03   1.1947e-03   1.1933e-03   1.1919e-03   1.1905e-03

 Columns 841 through 850:

   1.1891e-03   1.1876e-03   1.1862e-03   1.1848e-03   1.1834e-03   1.1820e-03   1.1806e-03   1.1792e-03   1.1779e-03   1.1765e-03

 Columns 851 through 860:

   1.1751e-03   1.1737e-03   1.1723e-03   1.1710e-03   1.1696e-03   1.1682e-03   1.1669e-03   1.1655e-03   1.1641e-03   1.1628e-03

 Columns 861 through 870:

   1.1614e-03   1.1601e-03   1.1587e-03   1.1574e-03   1.1561e-03   1.1547e-03   1.1534e-03   1.1521e-03   1.1507e-03   1.1494e-03

 Columns 871 through 880:

   1.1481e-03   1.1468e-03   1.1455e-03   1.1442e-03   1.1429e-03   1.1416e-03   1.1403e-03   1.1390e-03   1.1377e-03   1.1364e-03

 Columns 881 through 890:

   1.1351e-03   1.1338e-03   1.1325e-03   1.1312e-03   1.1299e-03   1.1287e-03   1.1274e-03   1.1261e-03   1.1249e-03   1.1236e-03

 Columns 891 through 900:

   1.1223e-03   1.1211e-03   1.1198e-03   1.1186e-03   1.1173e-03   1.1161e-03   1.1148e-03   1.1136e-03   1.1123e-03   1.1111e-03

 Columns 901 through 910:

   1.1099e-03   1.1086e-03   1.1074e-03   1.1062e-03   1.1050e-03   1.1038e-03   1.1025e-03   1.1013e-03   1.1001e-03   1.0989e-03

 Columns 911 through 920:

   1.0977e-03   1.0965e-03   1.0953e-03   1.0941e-03   1.0929e-03   1.0917e-03   1.0905e-03   1.0893e-03   1.0881e-03   1.0870e-03

 Columns 921 through 930:

   1.0858e-03   1.0846e-03   1.0834e-03   1.0823e-03   1.0811e-03   1.0799e-03   1.0787e-03   1.0776e-03   1.0764e-03   1.0753e-03

 Columns 931 through 940:

   1.0741e-03   1.0730e-03   1.0718e-03   1.0707e-03   1.0695e-03   1.0684e-03   1.0672e-03   1.0661e-03   1.0650e-03   1.0638e-03

 Columns 941 through 950:

   1.0627e-03   1.0616e-03   1.0604e-03   1.0593e-03   1.0582e-03   1.0571e-03   1.0560e-03   1.0549e-03   1.0537e-03   1.0526e-03

 Columns 951 through 960:

   1.0515e-03   1.0504e-03   1.0493e-03   1.0482e-03   1.0471e-03   1.0460e-03   1.0449e-03   1.0438e-03   1.0428e-03   1.0417e-03

 Columns 961 through 970:

   1.0406e-03   1.0395e-03   1.0384e-03   1.0373e-03   1.0363e-03   1.0352e-03   1.0341e-03   1.0331e-03   1.0320e-03   1.0309e-03

 Columns 971 through 980:

   1.0299e-03   1.0288e-03   1.0277e-03   1.0267e-03   1.0256e-03   1.0246e-03   1.0235e-03   1.0225e-03   1.0215e-03   1.0204e-03

 Columns 981 through 990:

   1.0194e-03   1.0183e-03   1.0173e-03   1.0163e-03   1.0152e-03   1.0142e-03   1.0132e-03   1.0121e-03   1.0111e-03   1.0101e-03

 Columns 991 through 1000:

   1.0091e-03   1.0081e-03   1.0070e-03   1.0060e-03   1.0050e-03   1.0040e-03   1.0030e-03   1.0020e-03   1.0010e-03   1.0000e-03

>> sum(a)
ans = 7.4855
>> function y = f(x)
y = exp(x .^ 2) .* cos(x)
end
>> quad('f', 0, pi/2)
y = 1.3103
y = 1.0002
y = 0.2267
y = 1.0056
y = 0.9042
y = 1.0319
y = 1.4191
y = 1.1003
y = 1.5288
y = 1.2269
y = 1.3991
y = 1.0000
y = 0.039792
y = 1.0015
y = 0.5458
y = 1.0149
y = 1.2115
y = 1.0595
y = 1.5188
y = 1.1560
y = 1.4792
ans = 1.8757
>> midpoint
a = 0
b = 1.5708
n = 100
dx = 0.015708
msum = 0
m1 = 7.8540e-03
approx = 1.8758
>> midpoint_v
a = 0
b = 1.5708
n = 100
dx = 0.015708
m =

 Columns 1 through 10:

   7.8540e-03   2.3562e-02   3.9270e-02   5.4978e-02   7.0686e-02   8.6394e-02   1.0210e-01   1.1781e-01   1.3352e-01   1.4923e-01

 Columns 11 through 20:

   1.6493e-01   1.8064e-01   1.9635e-01   2.1206e-01   2.2777e-01   2.4347e-01   2.5918e-01   2.7489e-01   2.9060e-01   3.0631e-01

 Columns 21 through 30:

   3.2201e-01   3.3772e-01   3.5343e-01   3.6914e-01   3.8485e-01   4.0055e-01   4.1626e-01   4.3197e-01   4.4768e-01   4.6338e-01

 Columns 31 through 40:

   4.7909e-01   4.9480e-01   5.1051e-01   5.2622e-01   5.4192e-01   5.5763e-01   5.7334e-01   5.8905e-01   6.0476e-01   6.2046e-01

 Columns 41 through 50:

   6.3617e-01   6.5188e-01   6.6759e-01   6.8330e-01   6.9900e-01   7.1471e-01   7.3042e-01   7.4613e-01   7.6184e-01   7.7754e-01

 Columns 51 through 60:

   7.9325e-01   8.0896e-01   8.2467e-01   8.4038e-01   8.5608e-01   8.7179e-01   8.8750e-01   9.0321e-01   9.1892e-01   9.3462e-01

 Columns 61 through 70:

   9.5033e-01   9.6604e-01   9.8175e-01   9.9746e-01   1.0132e+00   1.0289e+00   1.0446e+00   1.0603e+00   1.0760e+00   1.0917e+00

 Columns 71 through 80:

   1.1074e+00   1.1231e+00   1.1388e+00   1.1545e+00   1.1702e+00   1.1860e+00   1.2017e+00   1.2174e+00   1.2331e+00   1.2488e+00

 Columns 81 through 90:

   1.2645e+00   1.2802e+00   1.2959e+00   1.3116e+00   1.3273e+00   1.3430e+00   1.3587e+00   1.3744e+00   1.3902e+00   1.4059e+00

 Columns 91 through 100:

   1.4216e+00   1.4373e+00   1.4530e+00   1.4687e+00   1.4844e+00   1.5001e+00   1.5158e+00   1.5315e+00   1.5472e+00   1.5629e+00

M =

 Columns 1 through 12:

   1.000031   1.000278   1.000771   1.001512   1.002499   1.003734   1.005217   1.006947   1.008926   1.011154   1.013632   1.016359

 Columns 13 through 24:

   1.019336   1.022564   1.026045   1.029777   1.033762   1.038001   1.042493   1.047241   1.052244   1.057502   1.063017   1.068788

 Columns 25 through 36:

   1.074816   1.081101   1.087643   1.094441   1.101496   1.108807   1.116374   1.124194   1.132267   1.140591   1.149165   1.157985

 Columns 37 through 48:

   1.167048   1.176352   1.185891   1.195662   1.205659   1.215876   1.226306   1.236941   1.247771   1.258788   1.269979   1.281332

 Columns 49 through 60:

   1.292833   1.304466   1.316214   1.328057   1.339973   1.351940   1.363930   1.375916   1.387864   1.399740   1.411505   1.423117

 Columns 61 through 72:

   1.434529   1.445691   1.456547   1.467034   1.477087   1.486632   1.495589   1.503870   1.511380   1.518015   1.523660   1.528192

 Columns 73 through 84:

   1.531474   1.533360   1.533688   1.532283   1.528953   1.523491   1.515670   1.505243   1.491941   1.475473   1.455519   1.431733

 Columns 85 through 96:

   1.403739   1.371125   1.333447   1.290218   1.240910   1.184949   1.121709   1.050510   0.970612   0.881210   0.781428   0.670312

 Columns 97 through 100:

   0.546827   0.409843   0.258133   0.090360

approx = 1.8758
>> tic
>> tic; midpoint; toc
a = 0
b = 1.5708
n = 100
dx = 0.015708
msum = 0
m1 = 7.8540e-03
approx = 1.8758
Elapsed time is 0.00398517 seconds.
>> tic; midpoint_v; toc
a = 0
b = 1.5708
n = 100
dx = 0.015708
m =

 Columns 1 through 10:

   7.8540e-03   2.3562e-02   3.9270e-02   5.4978e-02   7.0686e-02   8.6394e-02   1.0210e-01   1.1781e-01   1.3352e-01   1.4923e-01

 Columns 11 through 20:

   1.6493e-01   1.8064e-01   1.9635e-01   2.1206e-01   2.2777e-01   2.4347e-01   2.5918e-01   2.7489e-01   2.9060e-01   3.0631e-01

 Columns 21 through 30:

   3.2201e-01   3.3772e-01   3.5343e-01   3.6914e-01   3.8485e-01   4.0055e-01   4.1626e-01   4.3197e-01   4.4768e-01   4.6338e-01

 Columns 31 through 40:

   4.7909e-01   4.9480e-01   5.1051e-01   5.2622e-01   5.4192e-01   5.5763e-01   5.7334e-01   5.8905e-01   6.0476e-01   6.2046e-01

 Columns 41 through 50:

   6.3617e-01   6.5188e-01   6.6759e-01   6.8330e-01   6.9900e-01   7.1471e-01   7.3042e-01   7.4613e-01   7.6184e-01   7.7754e-01

 Columns 51 through 60:

   7.9325e-01   8.0896e-01   8.2467e-01   8.4038e-01   8.5608e-01   8.7179e-01   8.8750e-01   9.0321e-01   9.1892e-01   9.3462e-01

 Columns 61 through 70:

   9.5033e-01   9.6604e-01   9.8175e-01   9.9746e-01   1.0132e+00   1.0289e+00   1.0446e+00   1.0603e+00   1.0760e+00   1.0917e+00

 Columns 71 through 80:

   1.1074e+00   1.1231e+00   1.1388e+00   1.1545e+00   1.1702e+00   1.1860e+00   1.2017e+00   1.2174e+00   1.2331e+00   1.2488e+00

 Columns 81 through 90:

   1.2645e+00   1.2802e+00   1.2959e+00   1.3116e+00   1.3273e+00   1.3430e+00   1.3587e+00   1.3744e+00   1.3902e+00   1.4059e+00

 Columns 91 through 100:

   1.4216e+00   1.4373e+00   1.4530e+00   1.4687e+00   1.4844e+00   1.5001e+00   1.5158e+00   1.5315e+00   1.5472e+00   1.5629e+00

M =

 Columns 1 through 12:

   1.000031   1.000278   1.000771   1.001512   1.002499   1.003734   1.005217   1.006947   1.008926   1.011154   1.013632   1.016359

 Columns 13 through 24:

   1.019336   1.022564   1.026045   1.029777   1.033762   1.038001   1.042493   1.047241   1.052244   1.057502   1.063017   1.068788

 Columns 25 through 36:

   1.074816   1.081101   1.087643   1.094441   1.101496   1.108807   1.116374   1.124194   1.132267   1.140591   1.149165   1.157985

 Columns 37 through 48:

   1.167048   1.176352   1.185891   1.195662   1.205659   1.215876   1.226306   1.236941   1.247771   1.258788   1.269979   1.281332

 Columns 49 through 60:

   1.292833   1.304466   1.316214   1.328057   1.339973   1.351940   1.363930   1.375916   1.387864   1.399740   1.411505   1.423117

 Columns 61 through 72:

   1.434529   1.445691   1.456547   1.467034   1.477087   1.486632   1.495589   1.503870   1.511380   1.518015   1.523660   1.528192

 Columns 73 through 84:

   1.531474   1.533360   1.533688   1.532283   1.528953   1.523491   1.515670   1.505243   1.491941   1.475473   1.455519   1.431733

 Columns 85 through 96:

   1.403739   1.371125   1.333447   1.290218   1.240910   1.184949   1.121709   1.050510   0.970612   0.881210   0.781428   0.670312

 Columns 97 through 100:

   0.546827   0.409843   0.258133   0.090360

approx = 1.8758
Elapsed time is 0.0351489 seconds.
>> diary
