>> t = linspace(0, 6*pi, 50)
t =

 Columns 1 through 13:

         0    0.3847    0.7694    1.1541    1.5387    1.9234    2.3081    2.6928    3.0775    3.4622    3.8468    4.2315    4.6162

 Columns 14 through 26:

    5.0009    5.3856    5.7703    6.1550    6.5396    6.9243    7.3090    7.6937    8.0784    8.4631    8.8478    9.2324    9.6171

 Columns 27 through 39:

   10.0018   10.3865   10.7712   11.1559   11.5405   11.9252   12.3099   12.6946   13.0793   13.4640   13.8487   14.2333   14.6180

 Columns 40 through 50:

   15.0027   15.3874   15.7721   16.1568   16.5414   16.9261   17.3108   17.6955   18.0802   18.4649   18.8496

>> r = 2
r = 2
>> x = r*(t-sin(t))
x =

 Columns 1 through 13:

         0    0.0188    0.1474    0.4793    1.0785    1.9699    3.1357    4.5178    6.0268    7.5545    8.9902   10.2363   11.2232

 Columns 14 through 26:

   11.9191   12.3348   12.5220   12.5657   12.5720   12.6524   12.9077   13.4130   14.2069   15.2858   16.6044   18.0826   19.6166

 Columns 27 through 39:

   21.0947   22.4133   23.4922   24.2861   24.7914   25.0467   25.1271   25.1334   25.1771   25.3643   25.7800   26.4759   27.4628

 Columns 40 through 50:

   28.7090   30.1446   31.6723   33.1813   34.5635   35.7292   36.6206   37.2198   37.5517   37.6803   37.6991

>> y = r*(1-cos(t))
y =

 Columns 1 through 14:

        0   0.1462   0.5633   1.1904   1.9359   2.6907   3.3446   3.8019   3.9959   3.8981   3.5229   2.9251   2.1920   1.4309

 Columns 15 through 28:

   0.7530   0.2574   0.0164   0.0654   0.3972   0.9632   1.6808   2.4450   3.1442   3.6762   3.9631   3.9631   3.6762   3.1442

 Columns 29 through 42:

   2.4450   1.6808   0.9632   0.3972   0.0654   0.0164   0.2574   0.7530   1.4309   2.1920   2.9251   3.5229   3.8981   3.9959

 Columns 43 through 50:

   3.8019   3.3446   2.6907   1.9359   1.1904   0.5633   0.1462        0

>> plot(x,y)
>> Ñ„Ñ‡axis('equal')
error: parse error:

  invalid character 'Ñ' (ASCII 209)

>>> Ñ„Ñ‡axis('equal')
    ^
>> Ñ„axis('equal')
error: parse error:

  invalid character 'Ñ' (ASCII 209)

>>> Ñ„axis('equal')
    ^
>> 
>> axis('equal')
>> axis([0 12*pi 0 4])
>> savefig cycloid.pdf
>> print -dpdf cycloid.pdf
>> print -dpng cycloid.png
>> theta = linspace(0, 2*pi, 100)
theta =

 Columns 1 through 14:

        0   0.0635   0.1269   0.1904   0.2539   0.3173   0.3808   0.4443   0.5077   0.5712   0.6347   0.6981   0.7616   0.8251

 Columns 15 through 28:

   0.8885   0.9520   1.0155   1.0789   1.1424   1.2059   1.2693   1.3328   1.3963   1.4597   1.5232   1.5867   1.6501   1.7136

 Columns 29 through 42:

   1.7771   1.8405   1.9040   1.9675   2.0309   2.0944   2.1579   2.2213   2.2848   2.3483   2.4117   2.4752   2.5387   2.6021

 Columns 43 through 56:

   2.6656   2.7291   2.7925   2.8560   2.9195   2.9829   3.0464   3.1099   3.1733   3.2368   3.3003   3.3637   3.4272   3.4907

 Columns 57 through 70:

   3.5541   3.6176   3.6811   3.7445   3.8080   3.8715   3.9349   3.9984   4.0619   4.1253   4.1888   4.2523   4.3157   4.3792

 Columns 71 through 84:

   4.4427   4.5061   4.5696   4.6331   4.6965   4.7600   4.8235   4.8869   4.9504   5.0139   5.0773   5.1408   5.2043   5.2677

 Columns 85 through 98:

   5.3312   5.3947   5.4581   5.5216   5.5851   5.6485   5.7120   5.7755   5.8389   5.9024   5.9659   6.0293   6.0928   6.1563

 Columns 99 and 100:

   6.2197   6.2832

>> r = 1-2*sin(theta)
r =

 Columns 1 through 12:

   1.000000   0.873152   0.746815   0.621498   0.497704   0.375933   0.256675   0.140410   0.027607  -0.081282  -0.185816  -0.285575

 Columns 13 through 24:

  -0.380158  -0.469183  -0.552293  -0.629152  -0.699451  -0.762907  -0.819264  -0.868296  -0.909804  -0.943623  -0.969616  -0.987677

 Columns 25 through 36:

  -0.997735  -0.999748  -0.993710  -0.979643  -0.957605  -0.927684  -0.890002  -0.844709  -0.791988  -0.732051  -0.665140  -0.591524

 Columns 37 through 48:

  -0.511499  -0.425388  -0.333538  -0.236318  -0.134120  -0.027355   0.083547   0.198139   0.315960   0.436535   0.559379   0.683997

 Columns 49 through 60:

   0.809888   0.936544   1.063456   1.190112   1.316003   1.440621   1.563465   1.684040   1.801861   1.916453   2.027355   2.134120

 Columns 61 through 72:

   2.236318   2.333538   2.425388   2.511499   2.591524   2.665140   2.732051   2.791988   2.844709   2.890002   2.927684   2.957605

 Columns 73 through 84:

   2.979643   2.993710   2.999748   2.997735   2.987677   2.969616   2.943623   2.909804   2.868296   2.819264   2.762907   2.699451

 Columns 85 through 96:

   2.629152   2.552293   2.469183   2.380158   2.285575   2.185816   2.081282   1.972393   1.859590   1.743325   1.624067   1.502296

 Columns 97 through 100:

   1.378502   1.253185   1.126848   1.000000

>> x = r.*cos(theta)
x =

 Columns 1 through 12:

   1.000000   0.871394   0.740807   0.610266   0.481752   0.357163   0.238289   0.126780   0.024124  -0.068378  -0.149632  -0.218763

 Columns 13 through 24:

  -0.275133  -0.318345  -0.348250  -0.364944  -0.368768  -0.360299  -0.340335  -0.309883  -0.270139  -0.222468  -0.168372  -0.109472

 Columns 25 through 36:

  -0.047474   0.015862   0.078751   0.139418   0.196124   0.247204   0.291091   0.326349   0.351695   0.366025   0.368434   0.358232

 Columns 37 through 48:

   0.334961   0.298399   0.248574   0.185758   0.110471   0.023470  -0.074259  -0.181517  -0.296905  -0.418852  -0.545635  -0.675405

 Columns 49 through 60:

  -0.806221  -0.936073  -1.062920  -1.184723  -1.299472  -1.405225  -1.500134  -1.582480  -1.650700  -1.703411  -1.739437  -1.757824

 Columns 61 through 72:

  -1.757865  -1.739103  -1.701349  -1.644682  -1.569452  -1.476274  -1.366025  -1.239828  -1.099039  -0.945227  -0.780151  -0.605737

 Columns 73 through 84:

  -0.424047  -0.237251  -0.047594   0.142638   0.331149   0.515668   0.693985   0.863980   1.023655   1.171165   1.304841   1.423219

 Columns 85 through 96:

   1.525058   1.609355   1.675364   1.722601   1.750852   1.760172   1.750886   1.723575   1.679073   1.618447   1.542979   1.454145

 Columns 97 through 100:

   1.353591   1.243103   1.124579   1.000000

>> y = r.*sin(theta)
y =

 Columns 1 through 14:

        0   0.0554   0.0945   0.1176   0.1250   0.1173   0.0954   0.0603   0.0134  -0.0439  -0.1102  -0.1836  -0.2623  -0.3447

 Columns 15 through 28:

  -0.4287  -0.5125  -0.5943  -0.6725  -0.7452  -0.8111  -0.8688  -0.9170  -0.9549  -0.9816  -0.9966  -0.9996  -0.9906  -0.9697

 Columns 29 through 42:

  -0.9373  -0.8941  -0.8411  -0.7791  -0.7096  -0.6340  -0.5538  -0.4707  -0.3866  -0.3032  -0.2224  -0.1461  -0.0761  -0.0141

 Columns 43 through 56:

   0.0383   0.0794   0.1081   0.1230   0.1232   0.1081   0.0770   0.0297  -0.0337  -0.1131  -0.2079  -0.3174  -0.4405  -0.5760

 Columns 57 through 70:

  -0.7224  -0.8782  -1.0414  -1.2102  -1.3824  -1.5559  -1.7286  -1.8981  -2.0622  -2.2189  -2.3660  -2.5016  -2.6238  -2.7311

 Columns 71 through 84:

  -2.8218  -2.8949  -2.9493  -2.9843  -2.9994  -2.9943  -2.9693  -2.9245  -2.8606  -2.7786  -2.6794  -2.5645  -2.4354  -2.2938

 Columns 85 through 98:

  -2.1416  -1.9810  -1.8138  -1.6425  -1.4691  -1.2960  -1.1252  -0.9590  -0.7992  -0.6479  -0.5068  -0.3773  -0.2609  -0.1586

 Columns 99 and 100:

  -0.0715  -0.0000

>> plot(x,y)
>> print -dpdf limacon-polar.pdf
>> print -dpng limacon-polar.png
>> theta = linspace(0, 2*pi, 50)
theta =

 Columns 1 through 14:

        0   0.1282   0.2565   0.3847   0.5129   0.6411   0.7694   0.8976   1.0258   1.1541   1.2823   1.4105   1.5387   1.6670

 Columns 15 through 28:

   1.7952   1.9234   2.0517   2.1799   2.3081   2.4363   2.5646   2.6928   2.8210   2.9493   3.0775   3.2057   3.3339   3.4622

 Columns 29 through 42:

   3.5904   3.7186   3.8468   3.9751   4.1033   4.2315   4.3598   4.4880   4.6162   4.7444   4.8727   5.0009   5.1291   5.2574

 Columns 43 through 50:

   5.3856   5.5138   5.6420   5.7703   5.8985   6.0267   6.1550   6.2832

>> r = 1-2*sin(theta)
r =

 Columns 1 through 12:

   1.000000   0.744246   0.492691   0.249466   0.018565  -0.196221  -0.391365  -0.563663  -0.710286  -0.828825  -0.917336  -0.974364

 Columns 13 through 24:

  -0.998972  -0.990758  -0.949856  -0.876937  -0.773199  -0.640345  -0.480556  -0.296457  -0.091070   0.132233   0.369784   0.617683

 Columns 25 through 36:

   0.871860   1.128140   1.382317   1.630216   1.867767   2.091070   2.296457   2.480556   2.640345   2.773199   2.876937   2.949856

 Columns 37 through 48:

   2.990758   2.998972   2.974364   2.917336   2.828825   2.710286   2.563663   2.391365   2.196221   1.981435   1.750534   1.507309

 Columns 49 and 50:

   1.255754   1.000000

>> polar(theta, r)
>> print -dpdf limacon-polar2.pdf
>> print -dpng limacon-polar2.png
>> f = @(x,y) -x.^2-x.*y+x+y.^2-y-1
f =

@(x, y) -x .^ 2 - x .* y + x + y .^ 2 - y - 1

>> ezplot(f)
>> print -dpdf impl1.pdf
>> print -dpng impl1.png
>> f = @(x,y) (x-2).^2 + y.^2 -25
f =

@(x, y) (x - 2) .^ 2 + y .^ 2 - 25

>> ezplot(f, [-6 10 -8 8])
>> x = [-6:10]
x =

   -6   -5   -4   -3   -2   -1    0    1    2    3    4    5    6    7    8    9   10

>> y = 3/4*x + 19/4
y =

 Columns 1 through 13:

    0.2500    1.0000    1.7500    2.5000    3.2500    4.0000    4.7500    5.5000    6.2500    7.0000    7.7500    8.5000    9.2500

 Columns 14 through 17:

   10.0000   10.7500   11.5000   12.2500

>> hold on
>> plot(x,y, 'r--')
>> print -dpdf impl2.pdf
>> print -dpng impl2.png
>> z1 = 1 + 2*i
z1 =  1 + 2i
>> z2 = 2 - 3*i
z2 =  2 - 3i
>> z1 + z2
ans =  3 - 1i
>> z1 - z2
ans = -1 + 5i
>> z1*z2
ans =  8 + 1i
>> z1/z2
ans = -0.3077 + 0.5385i
>> clf
>> z1 = 1+2*i
z1 =  1 + 2i
>> z2 = 2-3*i
z2 =  2 - 3i
>> compass(z1, 'b')
>> compass(z2, 'b')
>> compass(z1, 'b')
>> hold on
>> compass(z2, 'r')
>> compass(z1+z2, 'k--')
>> legend('z_1', 'z_2' 'z_1 + z_2')
error: parse error:

  syntax error

>>> legend('z_1', 'z_2' 'z_1 + z_2')
                           ^
>> legend('z_1', 'z_2' 'z_1+z_2')
error: parse error:

  syntax error

>>> legend('z_1', 'z_2' 'z_1+z_2')
                           ^
>> legend('z_1', 'z_2' 'z1 + z2')
error: parse error:

  syntax error

>>> legend('z_1', 'z_2' 'z1 + z2')
                          ^
>> legend('z_1', 'z_2' 'z1 + z2')
error: parse error:

  syntax error

>>> legend('z_1', 'z_2' 'z1 + z2')
                          ^
>> legend('z_1', 'z_2')
>> legend('z_1', 'z_2', 'z_1+z_2')
>> print -dpdf complex.pdf
>> print -dpng complex.png
>> (-8)^(1/3)
ans =  1.0000 + 1.7321i
>> ans^3
ans = -8.0000e+00 + 2.2204e-15i
>> nthroot(-8,3)
ans = -2
>> n = [0:1:5]
n =

   0   1   2   3   4   5

>> x = linspace(-5,5,500)
x =

 Columns 1 through 12:

  -5.000000  -4.979960  -4.959920  -4.939880  -4.919840  -4.899800  -4.879760  -4.859719  -4.839679  -4.819639  -4.799599  -4.779559

 Columns 13 through 24:

  -4.759519  -4.739479  -4.719439  -4.699399  -4.679359  -4.659319  -4.639279  -4.619238  -4.599198  -4.579158  -4.559118  -4.539078

 Columns 25 through 36:

  -4.519038  -4.498998  -4.478958  -4.458918  -4.438878  -4.418838  -4.398798  -4.378758  -4.358717  -4.338677  -4.318637  -4.298597

 Columns 37 through 48:

  -4.278557  -4.258517  -4.238477  -4.218437  -4.198397  -4.178357  -4.158317  -4.138277  -4.118236  -4.098196  -4.078156  -4.058116

 Columns 49 through 60:

  -4.038076  -4.018036  -3.997996  -3.977956  -3.957916  -3.937876  -3.917836  -3.897796  -3.877756  -3.857715  -3.837675  -3.817635

 Columns 61 through 72:

  -3.797595  -3.777555  -3.757515  -3.737475  -3.717435  -3.697395  -3.677355  -3.657315  -3.637275  -3.617234  -3.597194  -3.577154

 Columns 73 through 84:

  -3.557114  -3.537074  -3.517034  -3.496994  -3.476954  -3.456914  -3.436874  -3.416834  -3.396794  -3.376754  -3.356713  -3.336673

 Columns 85 through 96:

  -3.316633  -3.296593  -3.276553  -3.256513  -3.236473  -3.216433  -3.196393  -3.176353  -3.156313  -3.136273  -3.116232  -3.096192

 Columns 97 through 108:

  -3.076152  -3.056112  -3.036072  -3.016032  -2.995992  -2.975952  -2.955912  -2.935872  -2.915832  -2.895792  -2.875752  -2.855711

 Columns 109 through 120:

  -2.835671  -2.815631  -2.795591  -2.775551  -2.755511  -2.735471  -2.715431  -2.695391  -2.675351  -2.655311  -2.635271  -2.615230

 Columns 121 through 132:

  -2.595190  -2.575150  -2.555110  -2.535070  -2.515030  -2.494990  -2.474950  -2.454910  -2.434870  -2.414830  -2.394790  -2.374749

 Columns 133 through 144:

  -2.354709  -2.334669  -2.314629  -2.294589  -2.274549  -2.254509  -2.234469  -2.214429  -2.194389  -2.174349  -2.154309  -2.134269

 Columns 145 through 156:

  -2.114228  -2.094188  -2.074148  -2.054108  -2.034068  -2.014028  -1.993988  -1.973948  -1.953908  -1.933868  -1.913828  -1.893788

 Columns 157 through 168:

  -1.873747  -1.853707  -1.833667  -1.813627  -1.793587  -1.773547  -1.753507  -1.733467  -1.713427  -1.693387  -1.673347  -1.653307

 Columns 169 through 180:

  -1.633267  -1.613226  -1.593186  -1.573146  -1.553106  -1.533066  -1.513026  -1.492986  -1.472946  -1.452906  -1.432866  -1.412826

 Columns 181 through 192:

  -1.392786  -1.372745  -1.352705  -1.332665  -1.312625  -1.292585  -1.272545  -1.252505  -1.232465  -1.212425  -1.192385  -1.172345

 Columns 193 through 204:

  -1.152305  -1.132265  -1.112224  -1.092184  -1.072144  -1.052104  -1.032064  -1.012024  -0.991984  -0.971944  -0.951904  -0.931864

 Columns 205 through 216:

  -0.911824  -0.891784  -0.871743  -0.851703  -0.831663  -0.811623  -0.791583  -0.771543  -0.751503  -0.731463  -0.711423  -0.691383

 Columns 217 through 228:

  -0.671343  -0.651303  -0.631263  -0.611222  -0.591182  -0.571142  -0.551102  -0.531062  -0.511022  -0.490982  -0.470942  -0.450902

 Columns 229 through 240:

  -0.430862  -0.410822  -0.390782  -0.370741  -0.350701  -0.330661  -0.310621  -0.290581  -0.270541  -0.250501  -0.230461  -0.210421

 Columns 241 through 252:

  -0.190381  -0.170341  -0.150301  -0.130261  -0.110220  -0.090180  -0.070140  -0.050100  -0.030060  -0.010020   0.010020   0.030060

 Columns 253 through 264:

   0.050100   0.070140   0.090180   0.110220   0.130261   0.150301   0.170341   0.190381   0.210421   0.230461   0.250501   0.270541

 Columns 265 through 276:

   0.290581   0.310621   0.330661   0.350701   0.370741   0.390782   0.410822   0.430862   0.450902   0.470942   0.490982   0.511022

 Columns 277 through 288:

   0.531062   0.551102   0.571142   0.591182   0.611222   0.631263   0.651303   0.671343   0.691383   0.711423   0.731463   0.751503

 Columns 289 through 300:

   0.771543   0.791583   0.811623   0.831663   0.851703   0.871743   0.891784   0.911824   0.931864   0.951904   0.971944   0.991984

 Columns 301 through 312:

   1.012024   1.032064   1.052104   1.072144   1.092184   1.112224   1.132265   1.152305   1.172345   1.192385   1.212425   1.232465

 Columns 313 through 324:

   1.252505   1.272545   1.292585   1.312625   1.332665   1.352705   1.372745   1.392786   1.412826   1.432866   1.452906   1.472946

 Columns 325 through 336:

   1.492986   1.513026   1.533066   1.553106   1.573146   1.593186   1.613226   1.633267   1.653307   1.673347   1.693387   1.713427

 Columns 337 through 348:

   1.733467   1.753507   1.773547   1.793587   1.813627   1.833667   1.853707   1.873747   1.893788   1.913828   1.933868   1.953908

 Columns 349 through 360:

   1.973948   1.993988   2.014028   2.034068   2.054108   2.074148   2.094188   2.114228   2.134269   2.154309   2.174349   2.194389

 Columns 361 through 372:

   2.214429   2.234469   2.254509   2.274549   2.294589   2.314629   2.334669   2.354709   2.374749   2.394790   2.414830   2.434870

 Columns 373 through 384:

   2.454910   2.474950   2.494990   2.515030   2.535070   2.555110   2.575150   2.595190   2.615230   2.635271   2.655311   2.675351

 Columns 385 through 396:

   2.695391   2.715431   2.735471   2.755511   2.775551   2.795591   2.815631   2.835671   2.855711   2.875752   2.895792   2.915832

 Columns 397 through 408:

   2.935872   2.955912   2.975952   2.995992   3.016032   3.036072   3.056112   3.076152   3.096192   3.116232   3.136273   3.156313

 Columns 409 through 420:

   3.176353   3.196393   3.216433   3.236473   3.256513   3.276553   3.296593   3.316633   3.336673   3.356713   3.376754   3.396794

 Columns 421 through 432:

   3.416834   3.436874   3.456914   3.476954   3.496994   3.517034   3.537074   3.557114   3.577154   3.597194   3.617234   3.637275

 Columns 433 through 444:

   3.657315   3.677355   3.697395   3.717435   3.737475   3.757515   3.777555   3.797595   3.817635   3.837675   3.857715   3.877756

 Columns 445 through 456:

   3.897796   3.917836   3.937876   3.957916   3.977956   3.997996   4.018036   4.038076   4.058116   4.078156   4.098196   4.118236

 Columns 457 through 468:

   4.138277   4.158317   4.178357   4.198397   4.218437   4.238477   4.258517   4.278557   4.298597   4.318637   4.338677   4.358717

 Columns 469 through 480:

   4.378758   4.398798   4.418838   4.438878   4.458918   4.478958   4.498998   4.519038   4.539078   4.559118   4.579158   4.599198

 Columns 481 through 492:

   4.619238   4.639279   4.659319   4.679359   4.699399   4.719439   4.739479   4.759519   4.779559   4.799599   4.819639   4.839679

 Columns 493 through 500:

   4.859719   4.879760   4.899800   4.919840   4.939880   4.959920   4.979960   5.000000

>> plot(n, factorial(n), '*', x, gamma(x+1))
>> clf
>> plot(n, factorial(n), '*', x, gamma(x+1))
>> axis([-5 6 -10 25])
>> grid on
>> legend('n!', 'gamma(n+1)')
>> print -dpdf gamma.pdf
>> print -dpng gamma.png
>> clf
>> x1 = linspace(-5,-4,500)
x1 =

 Columns 1 through 14:

  -5.0000  -4.9980  -4.9960  -4.9940  -4.9920  -4.9900  -4.9880  -4.9860  -4.9840  -4.9820  -4.9800  -4.9780  -4.9760  -4.9739

 Columns 15 through 28:

  -4.9719  -4.9699  -4.9679  -4.9659  -4.9639  -4.9619  -4.9599  -4.9579  -4.9559  -4.9539  -4.9519  -4.9499  -4.9479  -4.9459

 Columns 29 through 42:

  -4.9439  -4.9419  -4.9399  -4.9379  -4.9359  -4.9339  -4.9319  -4.9299  -4.9279  -4.9259  -4.9238  -4.9218  -4.9198  -4.9178

 Columns 43 through 56:

  -4.9158  -4.9138  -4.9118  -4.9098  -4.9078  -4.9058  -4.9038  -4.9018  -4.8998  -4.8978  -4.8958  -4.8938  -4.8918  -4.8898

 Columns 57 through 70:

  -4.8878  -4.8858  -4.8838  -4.8818  -4.8798  -4.8778  -4.8758  -4.8737  -4.8717  -4.8697  -4.8677  -4.8657  -4.8637  -4.8617

 Columns 71 through 84:

  -4.8597  -4.8577  -4.8557  -4.8537  -4.8517  -4.8497  -4.8477  -4.8457  -4.8437  -4.8417  -4.8397  -4.8377  -4.8357  -4.8337

 Columns 85 through 98:

  -4.8317  -4.8297  -4.8277  -4.8257  -4.8236  -4.8216  -4.8196  -4.8176  -4.8156  -4.8136  -4.8116  -4.8096  -4.8076  -4.8056

 Columns 99 through 112:

  -4.8036  -4.8016  -4.7996  -4.7976  -4.7956  -4.7936  -4.7916  -4.7896  -4.7876  -4.7856  -4.7836  -4.7816  -4.7796  -4.7776

 Columns 113 through 126:

  -4.7756  -4.7735  -4.7715  -4.7695  -4.7675  -4.7655  -4.7635  -4.7615  -4.7595  -4.7575  -4.7555  -4.7535  -4.7515  -4.7495

 Columns 127 through 140:

  -4.7475  -4.7455  -4.7435  -4.7415  -4.7395  -4.7375  -4.7355  -4.7335  -4.7315  -4.7295  -4.7275  -4.7255  -4.7234  -4.7214

 Columns 141 through 154:

  -4.7194  -4.7174  -4.7154  -4.7134  -4.7114  -4.7094  -4.7074  -4.7054  -4.7034  -4.7014  -4.6994  -4.6974  -4.6954  -4.6934

 Columns 155 through 168:

  -4.6914  -4.6894  -4.6874  -4.6854  -4.6834  -4.6814  -4.6794  -4.6774  -4.6754  -4.6733  -4.6713  -4.6693  -4.6673  -4.6653

 Columns 169 through 182:

  -4.6633  -4.6613  -4.6593  -4.6573  -4.6553  -4.6533  -4.6513  -4.6493  -4.6473  -4.6453  -4.6433  -4.6413  -4.6393  -4.6373

 Columns 183 through 196:

  -4.6353  -4.6333  -4.6313  -4.6293  -4.6273  -4.6253  -4.6232  -4.6212  -4.6192  -4.6172  -4.6152  -4.6132  -4.6112  -4.6092

 Columns 197 through 210:

  -4.6072  -4.6052  -4.6032  -4.6012  -4.5992  -4.5972  -4.5952  -4.5932  -4.5912  -4.5892  -4.5872  -4.5852  -4.5832  -4.5812

 Columns 211 through 224:

  -4.5792  -4.5772  -4.5752  -4.5731  -4.5711  -4.5691  -4.5671  -4.5651  -4.5631  -4.5611  -4.5591  -4.5571  -4.5551  -4.5531

 Columns 225 through 238:

  -4.5511  -4.5491  -4.5471  -4.5451  -4.5431  -4.5411  -4.5391  -4.5371  -4.5351  -4.5331  -4.5311  -4.5291  -4.5271  -4.5251

 Columns 239 through 252:

  -4.5230  -4.5210  -4.5190  -4.5170  -4.5150  -4.5130  -4.5110  -4.5090  -4.5070  -4.5050  -4.5030  -4.5010  -4.4990  -4.4970

 Columns 253 through 266:

  -4.4950  -4.4930  -4.4910  -4.4890  -4.4870  -4.4850  -4.4830  -4.4810  -4.4790  -4.4770  -4.4749  -4.4729  -4.4709  -4.4689

 Columns 267 through 280:

  -4.4669  -4.4649  -4.4629  -4.4609  -4.4589  -4.4569  -4.4549  -4.4529  -4.4509  -4.4489  -4.4469  -4.4449  -4.4429  -4.4409

 Columns 281 through 294:

  -4.4389  -4.4369  -4.4349  -4.4329  -4.4309  -4.4289  -4.4269  -4.4248  -4.4228  -4.4208  -4.4188  -4.4168  -4.4148  -4.4128

 Columns 295 through 308:

  -4.4108  -4.4088  -4.4068  -4.4048  -4.4028  -4.4008  -4.3988  -4.3968  -4.3948  -4.3928  -4.3908  -4.3888  -4.3868  -4.3848

 Columns 309 through 322:

  -4.3828  -4.3808  -4.3788  -4.3768  -4.3747  -4.3727  -4.3707  -4.3687  -4.3667  -4.3647  -4.3627  -4.3607  -4.3587  -4.3567

 Columns 323 through 336:

  -4.3547  -4.3527  -4.3507  -4.3487  -4.3467  -4.3447  -4.3427  -4.3407  -4.3387  -4.3367  -4.3347  -4.3327  -4.3307  -4.3287

 Columns 337 through 350:

  -4.3267  -4.3246  -4.3226  -4.3206  -4.3186  -4.3166  -4.3146  -4.3126  -4.3106  -4.3086  -4.3066  -4.3046  -4.3026  -4.3006

 Columns 351 through 364:

  -4.2986  -4.2966  -4.2946  -4.2926  -4.2906  -4.2886  -4.2866  -4.2846  -4.2826  -4.2806  -4.2786  -4.2766  -4.2745  -4.2725

 Columns 365 through 378:

  -4.2705  -4.2685  -4.2665  -4.2645  -4.2625  -4.2605  -4.2585  -4.2565  -4.2545  -4.2525  -4.2505  -4.2485  -4.2465  -4.2445

 Columns 379 through 392:

  -4.2425  -4.2405  -4.2385  -4.2365  -4.2345  -4.2325  -4.2305  -4.2285  -4.2265  -4.2244  -4.2224  -4.2204  -4.2184  -4.2164

 Columns 393 through 406:

  -4.2144  -4.2124  -4.2104  -4.2084  -4.2064  -4.2044  -4.2024  -4.2004  -4.1984  -4.1964  -4.1944  -4.1924  -4.1904  -4.1884

 Columns 407 through 420:

  -4.1864  -4.1844  -4.1824  -4.1804  -4.1784  -4.1764  -4.1743  -4.1723  -4.1703  -4.1683  -4.1663  -4.1643  -4.1623  -4.1603

 Columns 421 through 434:

  -4.1583  -4.1563  -4.1543  -4.1523  -4.1503  -4.1483  -4.1463  -4.1443  -4.1423  -4.1403  -4.1383  -4.1363  -4.1343  -4.1323

 Columns 435 through 448:

  -4.1303  -4.1283  -4.1263  -4.1242  -4.1222  -4.1202  -4.1182  -4.1162  -4.1142  -4.1122  -4.1102  -4.1082  -4.1062  -4.1042

 Columns 449 through 462:

  -4.1022  -4.1002  -4.0982  -4.0962  -4.0942  -4.0922  -4.0902  -4.0882  -4.0862  -4.0842  -4.0822  -4.0802  -4.0782  -4.0762

 Columns 463 through 476:

  -4.0741  -4.0721  -4.0701  -4.0681  -4.0661  -4.0641  -4.0621  -4.0601  -4.0581  -4.0561  -4.0541  -4.0521  -4.0501  -4.0481

 Columns 477 through 490:

  -4.0461  -4.0441  -4.0421  -4.0401  -4.0381  -4.0361  -4.0341  -4.0321  -4.0301  -4.0281  -4.0261  -4.0240  -4.0220  -4.0200

 Columns 491 through 500:

  -4.0180  -4.0160  -4.0140  -4.0120  -4.0100  -4.0080  -4.0060  -4.0040  -4.0020  -4.0000

>> x2 = linspace(-4,-3,500)
x2 =

 Columns 1 through 14:

  -4.0000  -3.9980  -3.9960  -3.9940  -3.9920  -3.9900  -3.9880  -3.9860  -3.9840  -3.9820  -3.9800  -3.9780  -3.9760  -3.9739

 Columns 15 through 28:

  -3.9719  -3.9699  -3.9679  -3.9659  -3.9639  -3.9619  -3.9599  -3.9579  -3.9559  -3.9539  -3.9519  -3.9499  -3.9479  -3.9459

 Columns 29 through 42:

  -3.9439  -3.9419  -3.9399  -3.9379  -3.9359  -3.9339  -3.9319  -3.9299  -3.9279  -3.9259  -3.9238  -3.9218  -3.9198  -3.9178

 Columns 43 through 56:

  -3.9158  -3.9138  -3.9118  -3.9098  -3.9078  -3.9058  -3.9038  -3.9018  -3.8998  -3.8978  -3.8958  -3.8938  -3.8918  -3.8898

 Columns 57 through 70:

  -3.8878  -3.8858  -3.8838  -3.8818  -3.8798  -3.8778  -3.8758  -3.8737  -3.8717  -3.8697  -3.8677  -3.8657  -3.8637  -3.8617

 Columns 71 through 84:

  -3.8597  -3.8577  -3.8557  -3.8537  -3.8517  -3.8497  -3.8477  -3.8457  -3.8437  -3.8417  -3.8397  -3.8377  -3.8357  -3.8337

 Columns 85 through 98:

  -3.8317  -3.8297  -3.8277  -3.8257  -3.8236  -3.8216  -3.8196  -3.8176  -3.8156  -3.8136  -3.8116  -3.8096  -3.8076  -3.8056

 Columns 99 through 112:

  -3.8036  -3.8016  -3.7996  -3.7976  -3.7956  -3.7936  -3.7916  -3.7896  -3.7876  -3.7856  -3.7836  -3.7816  -3.7796  -3.7776

 Columns 113 through 126:

  -3.7756  -3.7735  -3.7715  -3.7695  -3.7675  -3.7655  -3.7635  -3.7615  -3.7595  -3.7575  -3.7555  -3.7535  -3.7515  -3.7495

 Columns 127 through 140:

  -3.7475  -3.7455  -3.7435  -3.7415  -3.7395  -3.7375  -3.7355  -3.7335  -3.7315  -3.7295  -3.7275  -3.7255  -3.7234  -3.7214

 Columns 141 through 154:

  -3.7194  -3.7174  -3.7154  -3.7134  -3.7114  -3.7094  -3.7074  -3.7054  -3.7034  -3.7014  -3.6994  -3.6974  -3.6954  -3.6934

 Columns 155 through 168:

  -3.6914  -3.6894  -3.6874  -3.6854  -3.6834  -3.6814  -3.6794  -3.6774  -3.6754  -3.6733  -3.6713  -3.6693  -3.6673  -3.6653

 Columns 169 through 182:

  -3.6633  -3.6613  -3.6593  -3.6573  -3.6553  -3.6533  -3.6513  -3.6493  -3.6473  -3.6453  -3.6433  -3.6413  -3.6393  -3.6373

 Columns 183 through 196:

  -3.6353  -3.6333  -3.6313  -3.6293  -3.6273  -3.6253  -3.6232  -3.6212  -3.6192  -3.6172  -3.6152  -3.6132  -3.6112  -3.6092

 Columns 197 through 210:

  -3.6072  -3.6052  -3.6032  -3.6012  -3.5992  -3.5972  -3.5952  -3.5932  -3.5912  -3.5892  -3.5872  -3.5852  -3.5832  -3.5812

 Columns 211 through 224:

  -3.5792  -3.5772  -3.5752  -3.5731  -3.5711  -3.5691  -3.5671  -3.5651  -3.5631  -3.5611  -3.5591  -3.5571  -3.5551  -3.5531

 Columns 225 through 238:

  -3.5511  -3.5491  -3.5471  -3.5451  -3.5431  -3.5411  -3.5391  -3.5371  -3.5351  -3.5331  -3.5311  -3.5291  -3.5271  -3.5251

 Columns 239 through 252:

  -3.5230  -3.5210  -3.5190  -3.5170  -3.5150  -3.5130  -3.5110  -3.5090  -3.5070  -3.5050  -3.5030  -3.5010  -3.4990  -3.4970

 Columns 253 through 266:

  -3.4950  -3.4930  -3.4910  -3.4890  -3.4870  -3.4850  -3.4830  -3.4810  -3.4790  -3.4770  -3.4749  -3.4729  -3.4709  -3.4689

 Columns 267 through 280:

  -3.4669  -3.4649  -3.4629  -3.4609  -3.4589  -3.4569  -3.4549  -3.4529  -3.4509  -3.4489  -3.4469  -3.4449  -3.4429  -3.4409

 Columns 281 through 294:

  -3.4389  -3.4369  -3.4349  -3.4329  -3.4309  -3.4289  -3.4269  -3.4248  -3.4228  -3.4208  -3.4188  -3.4168  -3.4148  -3.4128

 Columns 295 through 308:

  -3.4108  -3.4088  -3.4068  -3.4048  -3.4028  -3.4008  -3.3988  -3.3968  -3.3948  -3.3928  -3.3908  -3.3888  -3.3868  -3.3848

 Columns 309 through 322:

  -3.3828  -3.3808  -3.3788  -3.3768  -3.3747  -3.3727  -3.3707  -3.3687  -3.3667  -3.3647  -3.3627  -3.3607  -3.3587  -3.3567

 Columns 323 through 336:

  -3.3547  -3.3527  -3.3507  -3.3487  -3.3467  -3.3447  -3.3427  -3.3407  -3.3387  -3.3367  -3.3347  -3.3327  -3.3307  -3.3287

 Columns 337 through 350:

  -3.3267  -3.3246  -3.3226  -3.3206  -3.3186  -3.3166  -3.3146  -3.3126  -3.3106  -3.3086  -3.3066  -3.3046  -3.3026  -3.3006

 Columns 351 through 364:

  -3.2986  -3.2966  -3.2946  -3.2926  -3.2906  -3.2886  -3.2866  -3.2846  -3.2826  -3.2806  -3.2786  -3.2766  -3.2745  -3.2725

 Columns 365 through 378:

  -3.2705  -3.2685  -3.2665  -3.2645  -3.2625  -3.2605  -3.2585  -3.2565  -3.2545  -3.2525  -3.2505  -3.2485  -3.2465  -3.2445

 Columns 379 through 392:

  -3.2425  -3.2405  -3.2385  -3.2365  -3.2345  -3.2325  -3.2305  -3.2285  -3.2265  -3.2244  -3.2224  -3.2204  -3.2184  -3.2164

 Columns 393 through 406:

  -3.2144  -3.2124  -3.2104  -3.2084  -3.2064  -3.2044  -3.2024  -3.2004  -3.1984  -3.1964  -3.1944  -3.1924  -3.1904  -3.1884

 Columns 407 through 420:

  -3.1864  -3.1844  -3.1824  -3.1804  -3.1784  -3.1764  -3.1743  -3.1723  -3.1703  -3.1683  -3.1663  -3.1643  -3.1623  -3.1603

 Columns 421 through 434:

  -3.1583  -3.1563  -3.1543  -3.1523  -3.1503  -3.1483  -3.1463  -3.1443  -3.1423  -3.1403  -3.1383  -3.1363  -3.1343  -3.1323

 Columns 435 through 448:

  -3.1303  -3.1283  -3.1263  -3.1242  -3.1222  -3.1202  -3.1182  -3.1162  -3.1142  -3.1122  -3.1102  -3.1082  -3.1062  -3.1042

 Columns 449 through 462:

  -3.1022  -3.1002  -3.0982  -3.0962  -3.0942  -3.0922  -3.0902  -3.0882  -3.0862  -3.0842  -3.0822  -3.0802  -3.0782  -3.0762

 Columns 463 through 476:

  -3.0741  -3.0721  -3.0701  -3.0681  -3.0661  -3.0641  -3.0621  -3.0601  -3.0581  -3.0561  -3.0541  -3.0521  -3.0501  -3.0481

 Columns 477 through 490:

  -3.0461  -3.0441  -3.0421  -3.0401  -3.0381  -3.0361  -3.0341  -3.0321  -3.0301  -3.0281  -3.0261  -3.0240  -3.0220  -3.0200

 Columns 491 through 500:

  -3.0180  -3.0160  -3.0140  -3.0120  -3.0100  -3.0080  -3.0060  -3.0040  -3.0020  -3.0000

>> x3 = linspace(-3,-2,500)
x3 =

 Columns 1 through 14:

  -3.0000  -2.9980  -2.9960  -2.9940  -2.9920  -2.9900  -2.9880  -2.9860  -2.9840  -2.9820  -2.9800  -2.9780  -2.9760  -2.9739

 Columns 15 through 28:

  -2.9719  -2.9699  -2.9679  -2.9659  -2.9639  -2.9619  -2.9599  -2.9579  -2.9559  -2.9539  -2.9519  -2.9499  -2.9479  -2.9459

 Columns 29 through 42:

  -2.9439  -2.9419  -2.9399  -2.9379  -2.9359  -2.9339  -2.9319  -2.9299  -2.9279  -2.9259  -2.9238  -2.9218  -2.9198  -2.9178

 Columns 43 through 56:

  -2.9158  -2.9138  -2.9118  -2.9098  -2.9078  -2.9058  -2.9038  -2.9018  -2.8998  -2.8978  -2.8958  -2.8938  -2.8918  -2.8898

 Columns 57 through 70:

  -2.8878  -2.8858  -2.8838  -2.8818  -2.8798  -2.8778  -2.8758  -2.8737  -2.8717  -2.8697  -2.8677  -2.8657  -2.8637  -2.8617

 Columns 71 through 84:

  -2.8597  -2.8577  -2.8557  -2.8537  -2.8517  -2.8497  -2.8477  -2.8457  -2.8437  -2.8417  -2.8397  -2.8377  -2.8357  -2.8337

 Columns 85 through 98:

  -2.8317  -2.8297  -2.8277  -2.8257  -2.8236  -2.8216  -2.8196  -2.8176  -2.8156  -2.8136  -2.8116  -2.8096  -2.8076  -2.8056

 Columns 99 through 112:

  -2.8036  -2.8016  -2.7996  -2.7976  -2.7956  -2.7936  -2.7916  -2.7896  -2.7876  -2.7856  -2.7836  -2.7816  -2.7796  -2.7776

 Columns 113 through 126:

  -2.7756  -2.7735  -2.7715  -2.7695  -2.7675  -2.7655  -2.7635  -2.7615  -2.7595  -2.7575  -2.7555  -2.7535  -2.7515  -2.7495

 Columns 127 through 140:

  -2.7475  -2.7455  -2.7435  -2.7415  -2.7395  -2.7375  -2.7355  -2.7335  -2.7315  -2.7295  -2.7275  -2.7255  -2.7234  -2.7214

 Columns 141 through 154:

  -2.7194  -2.7174  -2.7154  -2.7134  -2.7114  -2.7094  -2.7074  -2.7054  -2.7034  -2.7014  -2.6994  -2.6974  -2.6954  -2.6934

 Columns 155 through 168:

  -2.6914  -2.6894  -2.6874  -2.6854  -2.6834  -2.6814  -2.6794  -2.6774  -2.6754  -2.6733  -2.6713  -2.6693  -2.6673  -2.6653

 Columns 169 through 182:

  -2.6633  -2.6613  -2.6593  -2.6573  -2.6553  -2.6533  -2.6513  -2.6493  -2.6473  -2.6453  -2.6433  -2.6413  -2.6393  -2.6373

 Columns 183 through 196:

  -2.6353  -2.6333  -2.6313  -2.6293  -2.6273  -2.6253  -2.6232  -2.6212  -2.6192  -2.6172  -2.6152  -2.6132  -2.6112  -2.6092

 Columns 197 through 210:

  -2.6072  -2.6052  -2.6032  -2.6012  -2.5992  -2.5972  -2.5952  -2.5932  -2.5912  -2.5892  -2.5872  -2.5852  -2.5832  -2.5812

 Columns 211 through 224:

  -2.5792  -2.5772  -2.5752  -2.5731  -2.5711  -2.5691  -2.5671  -2.5651  -2.5631  -2.5611  -2.5591  -2.5571  -2.5551  -2.5531

 Columns 225 through 238:

  -2.5511  -2.5491  -2.5471  -2.5451  -2.5431  -2.5411  -2.5391  -2.5371  -2.5351  -2.5331  -2.5311  -2.5291  -2.5271  -2.5251

 Columns 239 through 252:

  -2.5230  -2.5210  -2.5190  -2.5170  -2.5150  -2.5130  -2.5110  -2.5090  -2.5070  -2.5050  -2.5030  -2.5010  -2.4990  -2.4970

 Columns 253 through 266:

  -2.4950  -2.4930  -2.4910  -2.4890  -2.4870  -2.4850  -2.4830  -2.4810  -2.4790  -2.4770  -2.4749  -2.4729  -2.4709  -2.4689

 Columns 267 through 280:

  -2.4669  -2.4649  -2.4629  -2.4609  -2.4589  -2.4569  -2.4549  -2.4529  -2.4509  -2.4489  -2.4469  -2.4449  -2.4429  -2.4409

 Columns 281 through 294:

  -2.4389  -2.4369  -2.4349  -2.4329  -2.4309  -2.4289  -2.4269  -2.4248  -2.4228  -2.4208  -2.4188  -2.4168  -2.4148  -2.4128

 Columns 295 through 308:

  -2.4108  -2.4088  -2.4068  -2.4048  -2.4028  -2.4008  -2.3988  -2.3968  -2.3948  -2.3928  -2.3908  -2.3888  -2.3868  -2.3848

 Columns 309 through 322:

  -2.3828  -2.3808  -2.3788  -2.3768  -2.3747  -2.3727  -2.3707  -2.3687  -2.3667  -2.3647  -2.3627  -2.3607  -2.3587  -2.3567

 Columns 323 through 336:

  -2.3547  -2.3527  -2.3507  -2.3487  -2.3467  -2.3447  -2.3427  -2.3407  -2.3387  -2.3367  -2.3347  -2.3327  -2.3307  -2.3287

 Columns 337 through 350:

  -2.3267  -2.3246  -2.3226  -2.3206  -2.3186  -2.3166  -2.3146  -2.3126  -2.3106  -2.3086  -2.3066  -2.3046  -2.3026  -2.3006

 Columns 351 through 364:

  -2.2986  -2.2966  -2.2946  -2.2926  -2.2906  -2.2886  -2.2866  -2.2846  -2.2826  -2.2806  -2.2786  -2.2766  -2.2745  -2.2725

 Columns 365 through 378:

  -2.2705  -2.2685  -2.2665  -2.2645  -2.2625  -2.2605  -2.2585  -2.2565  -2.2545  -2.2525  -2.2505  -2.2485  -2.2465  -2.2445

 Columns 379 through 392:

  -2.2425  -2.2405  -2.2385  -2.2365  -2.2345  -2.2325  -2.2305  -2.2285  -2.2265  -2.2244  -2.2224  -2.2204  -2.2184  -2.2164

 Columns 393 through 406:

  -2.2144  -2.2124  -2.2104  -2.2084  -2.2064  -2.2044  -2.2024  -2.2004  -2.1984  -2.1964  -2.1944  -2.1924  -2.1904  -2.1884

 Columns 407 through 420:

  -2.1864  -2.1844  -2.1824  -2.1804  -2.1784  -2.1764  -2.1743  -2.1723  -2.1703  -2.1683  -2.1663  -2.1643  -2.1623  -2.1603

 Columns 421 through 434:

  -2.1583  -2.1563  -2.1543  -2.1523  -2.1503  -2.1483  -2.1463  -2.1443  -2.1423  -2.1403  -2.1383  -2.1363  -2.1343  -2.1323

 Columns 435 through 448:

  -2.1303  -2.1283  -2.1263  -2.1242  -2.1222  -2.1202  -2.1182  -2.1162  -2.1142  -2.1122  -2.1102  -2.1082  -2.1062  -2.1042

 Columns 449 through 462:

  -2.1022  -2.1002  -2.0982  -2.0962  -2.0942  -2.0922  -2.0902  -2.0882  -2.0862  -2.0842  -2.0822  -2.0802  -2.0782  -2.0762

 Columns 463 through 476:

  -2.0741  -2.0721  -2.0701  -2.0681  -2.0661  -2.0641  -2.0621  -2.0601  -2.0581  -2.0561  -2.0541  -2.0521  -2.0501  -2.0481

 Columns 477 through 490:

  -2.0461  -2.0441  -2.0421  -2.0401  -2.0381  -2.0361  -2.0341  -2.0321  -2.0301  -2.0281  -2.0261  -2.0240  -2.0220  -2.0200

 Columns 491 through 500:

  -2.0180  -2.0160  -2.0140  -2.0120  -2.0100  -2.0080  -2.0060  -2.0040  -2.0020  -2.0000

>> x4 = linspace(-2,-1,500)
x4 =

 Columns 1 through 14:

  -2.0000  -1.9980  -1.9960  -1.9940  -1.9920  -1.9900  -1.9880  -1.9860  -1.9840  -1.9820  -1.9800  -1.9780  -1.9760  -1.9739

 Columns 15 through 28:

  -1.9719  -1.9699  -1.9679  -1.9659  -1.9639  -1.9619  -1.9599  -1.9579  -1.9559  -1.9539  -1.9519  -1.9499  -1.9479  -1.9459

 Columns 29 through 42:

  -1.9439  -1.9419  -1.9399  -1.9379  -1.9359  -1.9339  -1.9319  -1.9299  -1.9279  -1.9259  -1.9238  -1.9218  -1.9198  -1.9178

 Columns 43 through 56:

  -1.9158  -1.9138  -1.9118  -1.9098  -1.9078  -1.9058  -1.9038  -1.9018  -1.8998  -1.8978  -1.8958  -1.8938  -1.8918  -1.8898

 Columns 57 through 70:

  -1.8878  -1.8858  -1.8838  -1.8818  -1.8798  -1.8778  -1.8758  -1.8737  -1.8717  -1.8697  -1.8677  -1.8657  -1.8637  -1.8617

 Columns 71 through 84:

  -1.8597  -1.8577  -1.8557  -1.8537  -1.8517  -1.8497  -1.8477  -1.8457  -1.8437  -1.8417  -1.8397  -1.8377  -1.8357  -1.8337

 Columns 85 through 98:

  -1.8317  -1.8297  -1.8277  -1.8257  -1.8236  -1.8216  -1.8196  -1.8176  -1.8156  -1.8136  -1.8116  -1.8096  -1.8076  -1.8056

 Columns 99 through 112:

  -1.8036  -1.8016  -1.7996  -1.7976  -1.7956  -1.7936  -1.7916  -1.7896  -1.7876  -1.7856  -1.7836  -1.7816  -1.7796  -1.7776

 Columns 113 through 126:

  -1.7756  -1.7735  -1.7715  -1.7695  -1.7675  -1.7655  -1.7635  -1.7615  -1.7595  -1.7575  -1.7555  -1.7535  -1.7515  -1.7495

 Columns 127 through 140:

  -1.7475  -1.7455  -1.7435  -1.7415  -1.7395  -1.7375  -1.7355  -1.7335  -1.7315  -1.7295  -1.7275  -1.7255  -1.7234  -1.7214

 Columns 141 through 154:

  -1.7194  -1.7174  -1.7154  -1.7134  -1.7114  -1.7094  -1.7074  -1.7054  -1.7034  -1.7014  -1.6994  -1.6974  -1.6954  -1.6934

 Columns 155 through 168:

  -1.6914  -1.6894  -1.6874  -1.6854  -1.6834  -1.6814  -1.6794  -1.6774  -1.6754  -1.6733  -1.6713  -1.6693  -1.6673  -1.6653

 Columns 169 through 182:

  -1.6633  -1.6613  -1.6593  -1.6573  -1.6553  -1.6533  -1.6513  -1.6493  -1.6473  -1.6453  -1.6433  -1.6413  -1.6393  -1.6373

 Columns 183 through 196:

  -1.6353  -1.6333  -1.6313  -1.6293  -1.6273  -1.6253  -1.6232  -1.6212  -1.6192  -1.6172  -1.6152  -1.6132  -1.6112  -1.6092

 Columns 197 through 210:

  -1.6072  -1.6052  -1.6032  -1.6012  -1.5992  -1.5972  -1.5952  -1.5932  -1.5912  -1.5892  -1.5872  -1.5852  -1.5832  -1.5812

 Columns 211 through 224:

  -1.5792  -1.5772  -1.5752  -1.5731  -1.5711  -1.5691  -1.5671  -1.5651  -1.5631  -1.5611  -1.5591  -1.5571  -1.5551  -1.5531

 Columns 225 through 238:

  -1.5511  -1.5491  -1.5471  -1.5451  -1.5431  -1.5411  -1.5391  -1.5371  -1.5351  -1.5331  -1.5311  -1.5291  -1.5271  -1.5251

 Columns 239 through 252:

  -1.5230  -1.5210  -1.5190  -1.5170  -1.5150  -1.5130  -1.5110  -1.5090  -1.5070  -1.5050  -1.5030  -1.5010  -1.4990  -1.4970

 Columns 253 through 266:

  -1.4950  -1.4930  -1.4910  -1.4890  -1.4870  -1.4850  -1.4830  -1.4810  -1.4790  -1.4770  -1.4749  -1.4729  -1.4709  -1.4689

 Columns 267 through 280:

  -1.4669  -1.4649  -1.4629  -1.4609  -1.4589  -1.4569  -1.4549  -1.4529  -1.4509  -1.4489  -1.4469  -1.4449  -1.4429  -1.4409

 Columns 281 through 294:

  -1.4389  -1.4369  -1.4349  -1.4329  -1.4309  -1.4289  -1.4269  -1.4248  -1.4228  -1.4208  -1.4188  -1.4168  -1.4148  -1.4128

 Columns 295 through 308:

  -1.4108  -1.4088  -1.4068  -1.4048  -1.4028  -1.4008  -1.3988  -1.3968  -1.3948  -1.3928  -1.3908  -1.3888  -1.3868  -1.3848

 Columns 309 through 322:

  -1.3828  -1.3808  -1.3788  -1.3768  -1.3747  -1.3727  -1.3707  -1.3687  -1.3667  -1.3647  -1.3627  -1.3607  -1.3587  -1.3567

 Columns 323 through 336:

  -1.3547  -1.3527  -1.3507  -1.3487  -1.3467  -1.3447  -1.3427  -1.3407  -1.3387  -1.3367  -1.3347  -1.3327  -1.3307  -1.3287

 Columns 337 through 350:

  -1.3267  -1.3246  -1.3226  -1.3206  -1.3186  -1.3166  -1.3146  -1.3126  -1.3106  -1.3086  -1.3066  -1.3046  -1.3026  -1.3006

 Columns 351 through 364:

  -1.2986  -1.2966  -1.2946  -1.2926  -1.2906  -1.2886  -1.2866  -1.2846  -1.2826  -1.2806  -1.2786  -1.2766  -1.2745  -1.2725

 Columns 365 through 378:

  -1.2705  -1.2685  -1.2665  -1.2645  -1.2625  -1.2605  -1.2585  -1.2565  -1.2545  -1.2525  -1.2505  -1.2485  -1.2465  -1.2445

 Columns 379 through 392:

  -1.2425  -1.2405  -1.2385  -1.2365  -1.2345  -1.2325  -1.2305  -1.2285  -1.2265  -1.2244  -1.2224  -1.2204  -1.2184  -1.2164

 Columns 393 through 406:

  -1.2144  -1.2124  -1.2104  -1.2084  -1.2064  -1.2044  -1.2024  -1.2004  -1.1984  -1.1964  -1.1944  -1.1924  -1.1904  -1.1884

 Columns 407 through 420:

  -1.1864  -1.1844  -1.1824  -1.1804  -1.1784  -1.1764  -1.1743  -1.1723  -1.1703  -1.1683  -1.1663  -1.1643  -1.1623  -1.1603

 Columns 421 through 434:

  -1.1583  -1.1563  -1.1543  -1.1523  -1.1503  -1.1483  -1.1463  -1.1443  -1.1423  -1.1403  -1.1383  -1.1363  -1.1343  -1.1323

 Columns 435 through 448:

  -1.1303  -1.1283  -1.1263  -1.1242  -1.1222  -1.1202  -1.1182  -1.1162  -1.1142  -1.1122  -1.1102  -1.1082  -1.1062  -1.1042

 Columns 449 through 462:

  -1.1022  -1.1002  -1.0982  -1.0962  -1.0942  -1.0922  -1.0902  -1.0882  -1.0862  -1.0842  -1.0822  -1.0802  -1.0782  -1.0762

 Columns 463 through 476:

  -1.0741  -1.0721  -1.0701  -1.0681  -1.0661  -1.0641  -1.0621  -1.0601  -1.0581  -1.0561  -1.0541  -1.0521  -1.0501  -1.0481

 Columns 477 through 490:

  -1.0461  -1.0441  -1.0421  -1.0401  -1.0381  -1.0361  -1.0341  -1.0321  -1.0301  -1.0281  -1.0261  -1.0240  -1.0220  -1.0200

 Columns 491 through 500:

  -1.0180  -1.0160  -1.0140  -1.0120  -1.0100  -1.0080  -1.0060  -1.0040  -1.0020  -1.0000

>> x5 = linspace(-1,0,500)
x5 =

 Columns 1 through 14:

  -1.0000  -0.9980  -0.9960  -0.9940  -0.9920  -0.9900  -0.9880  -0.9860  -0.9840  -0.9820  -0.9800  -0.9780  -0.9760  -0.9739

 Columns 15 through 28:

  -0.9719  -0.9699  -0.9679  -0.9659  -0.9639  -0.9619  -0.9599  -0.9579  -0.9559  -0.9539  -0.9519  -0.9499  -0.9479  -0.9459

 Columns 29 through 42:

  -0.9439  -0.9419  -0.9399  -0.9379  -0.9359  -0.9339  -0.9319  -0.9299  -0.9279  -0.9259  -0.9238  -0.9218  -0.9198  -0.9178

 Columns 43 through 56:

  -0.9158  -0.9138  -0.9118  -0.9098  -0.9078  -0.9058  -0.9038  -0.9018  -0.8998  -0.8978  -0.8958  -0.8938  -0.8918  -0.8898

 Columns 57 through 70:

  -0.8878  -0.8858  -0.8838  -0.8818  -0.8798  -0.8778  -0.8758  -0.8737  -0.8717  -0.8697  -0.8677  -0.8657  -0.8637  -0.8617

 Columns 71 through 84:

  -0.8597  -0.8577  -0.8557  -0.8537  -0.8517  -0.8497  -0.8477  -0.8457  -0.8437  -0.8417  -0.8397  -0.8377  -0.8357  -0.8337

 Columns 85 through 98:

  -0.8317  -0.8297  -0.8277  -0.8257  -0.8236  -0.8216  -0.8196  -0.8176  -0.8156  -0.8136  -0.8116  -0.8096  -0.8076  -0.8056

 Columns 99 through 112:

  -0.8036  -0.8016  -0.7996  -0.7976  -0.7956  -0.7936  -0.7916  -0.7896  -0.7876  -0.7856  -0.7836  -0.7816  -0.7796  -0.7776

 Columns 113 through 126:

  -0.7756  -0.7735  -0.7715  -0.7695  -0.7675  -0.7655  -0.7635  -0.7615  -0.7595  -0.7575  -0.7555  -0.7535  -0.7515  -0.7495

 Columns 127 through 140:

  -0.7475  -0.7455  -0.7435  -0.7415  -0.7395  -0.7375  -0.7355  -0.7335  -0.7315  -0.7295  -0.7275  -0.7255  -0.7234  -0.7214

 Columns 141 through 154:

  -0.7194  -0.7174  -0.7154  -0.7134  -0.7114  -0.7094  -0.7074  -0.7054  -0.7034  -0.7014  -0.6994  -0.6974  -0.6954  -0.6934

 Columns 155 through 168:

  -0.6914  -0.6894  -0.6874  -0.6854  -0.6834  -0.6814  -0.6794  -0.6774  -0.6754  -0.6733  -0.6713  -0.6693  -0.6673  -0.6653

 Columns 169 through 182:

  -0.6633  -0.6613  -0.6593  -0.6573  -0.6553  -0.6533  -0.6513  -0.6493  -0.6473  -0.6453  -0.6433  -0.6413  -0.6393  -0.6373

 Columns 183 through 196:

  -0.6353  -0.6333  -0.6313  -0.6293  -0.6273  -0.6253  -0.6232  -0.6212  -0.6192  -0.6172  -0.6152  -0.6132  -0.6112  -0.6092

 Columns 197 through 210:

  -0.6072  -0.6052  -0.6032  -0.6012  -0.5992  -0.5972  -0.5952  -0.5932  -0.5912  -0.5892  -0.5872  -0.5852  -0.5832  -0.5812

 Columns 211 through 224:

  -0.5792  -0.5772  -0.5752  -0.5731  -0.5711  -0.5691  -0.5671  -0.5651  -0.5631  -0.5611  -0.5591  -0.5571  -0.5551  -0.5531

 Columns 225 through 238:

  -0.5511  -0.5491  -0.5471  -0.5451  -0.5431  -0.5411  -0.5391  -0.5371  -0.5351  -0.5331  -0.5311  -0.5291  -0.5271  -0.5251

 Columns 239 through 252:

  -0.5230  -0.5210  -0.5190  -0.5170  -0.5150  -0.5130  -0.5110  -0.5090  -0.5070  -0.5050  -0.5030  -0.5010  -0.4990  -0.4970

 Columns 253 through 266:

  -0.4950  -0.4930  -0.4910  -0.4890  -0.4870  -0.4850  -0.4830  -0.4810  -0.4790  -0.4770  -0.4749  -0.4729  -0.4709  -0.4689

 Columns 267 through 280:

  -0.4669  -0.4649  -0.4629  -0.4609  -0.4589  -0.4569  -0.4549  -0.4529  -0.4509  -0.4489  -0.4469  -0.4449  -0.4429  -0.4409

 Columns 281 through 294:

  -0.4389  -0.4369  -0.4349  -0.4329  -0.4309  -0.4289  -0.4269  -0.4248  -0.4228  -0.4208  -0.4188  -0.4168  -0.4148  -0.4128

 Columns 295 through 308:

  -0.4108  -0.4088  -0.4068  -0.4048  -0.4028  -0.4008  -0.3988  -0.3968  -0.3948  -0.3928  -0.3908  -0.3888  -0.3868  -0.3848

 Columns 309 through 322:

  -0.3828  -0.3808  -0.3788  -0.3768  -0.3747  -0.3727  -0.3707  -0.3687  -0.3667  -0.3647  -0.3627  -0.3607  -0.3587  -0.3567

 Columns 323 through 336:

  -0.3547  -0.3527  -0.3507  -0.3487  -0.3467  -0.3447  -0.3427  -0.3407  -0.3387  -0.3367  -0.3347  -0.3327  -0.3307  -0.3287

 Columns 337 through 350:

  -0.3267  -0.3246  -0.3226  -0.3206  -0.3186  -0.3166  -0.3146  -0.3126  -0.3106  -0.3086  -0.3066  -0.3046  -0.3026  -0.3006

 Columns 351 through 364:

  -0.2986  -0.2966  -0.2946  -0.2926  -0.2906  -0.2886  -0.2866  -0.2846  -0.2826  -0.2806  -0.2786  -0.2766  -0.2745  -0.2725

 Columns 365 through 378:

  -0.2705  -0.2685  -0.2665  -0.2645  -0.2625  -0.2605  -0.2585  -0.2565  -0.2545  -0.2525  -0.2505  -0.2485  -0.2465  -0.2445

 Columns 379 through 392:

  -0.2425  -0.2405  -0.2385  -0.2365  -0.2345  -0.2325  -0.2305  -0.2285  -0.2265  -0.2244  -0.2224  -0.2204  -0.2184  -0.2164

 Columns 393 through 406:

  -0.2144  -0.2124  -0.2104  -0.2084  -0.2064  -0.2044  -0.2024  -0.2004  -0.1984  -0.1964  -0.1944  -0.1924  -0.1904  -0.1884

 Columns 407 through 420:

  -0.1864  -0.1844  -0.1824  -0.1804  -0.1784  -0.1764  -0.1743  -0.1723  -0.1703  -0.1683  -0.1663  -0.1643  -0.1623  -0.1603

 Columns 421 through 434:

  -0.1583  -0.1563  -0.1543  -0.1523  -0.1503  -0.1483  -0.1463  -0.1443  -0.1423  -0.1403  -0.1383  -0.1363  -0.1343  -0.1323

 Columns 435 through 448:

  -0.1303  -0.1283  -0.1263  -0.1242  -0.1222  -0.1202  -0.1182  -0.1162  -0.1142  -0.1122  -0.1102  -0.1082  -0.1062  -0.1042

 Columns 449 through 462:

  -0.1022  -0.1002  -0.0982  -0.0962  -0.0942  -0.0922  -0.0902  -0.0882  -0.0862  -0.0842  -0.0822  -0.0802  -0.0782  -0.0762

 Columns 463 through 476:

  -0.0741  -0.0721  -0.0701  -0.0681  -0.0661  -0.0641  -0.0621  -0.0601  -0.0581  -0.0561  -0.0541  -0.0521  -0.0501  -0.0481

 Columns 477 through 490:

  -0.0461  -0.0441  -0.0421  -0.0401  -0.0381  -0.0361  -0.0341  -0.0321  -0.0301  -0.0281  -0.0261  -0.0240  -0.0220  -0.0200

 Columns 491 through 500:

  -0.0180  -0.0160  -0.0140  -0.0120  -0.0100  -0.0080  -0.0060  -0.0040  -0.0020        0

>> plot(x1, gamma(x1+1))
>> hold on
>> plot(x2, gamma(x2+1))
>> plot(x3, gamma(x3+1))
>> plot(x4, gamma(x4+1))
>> plot(x5, gamma(x5+1))
>> axis([-5 6 -10 25])
>> plot(n, factorial(n), '*')
>> legend('n!', "\\Gamma(n+1)")
>> print -dpdf gamma2.pdf
>> print -dpng gamma2.png
>> diary off
